2,10,592,4250
2,0,676,686
2,0,749,757
2,0,824,835
2,0,929,948
2,0,1021,1038
2,11,592,4250
2,22,592,4250
2,6,1273,2562
2,0,1319,1338
2,6,2666,3692
2,0,2721,2731
2,0,2735,2746
2,0,2752,3643
2,13,2762,2773
2,2,2758,2800
2,12,2777,2800
2,1,2752,3643
2,0,2811,2827
2,0,2882,3638
2,12,2885,2901
2,1,2882,3638
2,0,2914,3059
2,13,2921,2932
2,1,2914,3059
2,0,2947,2979
2,12,2956,2978
2,3,2914,3059
2,3,2882,3638
2,3,2752,3643
2,0,2752,3643
2,13,2762,2773
2,2,2758,2800
2,12,2777,2800
2,1,2752,3643
2,0,2811,2827
2,0,2882,3638
2,12,2885,2901
2,1,2882,3638
2,0,3075,3638
2,12,3078,3094
2,1,3075,3638
2,0,3107,3245
2,13,3114,3125
2,1,3107,3245
2,0,3140,3170
2,12,3147,3169
2,3,3107,3245
2,3,3075,3638
2,3,2882,3638
2,3,2752,3643
2,0,2752,3643
2,13,2762,2773
2,2,2758,2800
2,12,2777,2800
2,1,2752,3643
2,0,2811,2827
2,0,2882,3638
2,12,2885,2901
2,1,2882,3638
2,0,3075,3638
2,12,3078,3094
2,1,3075,3638
2,0,3261,3638
2,12,3264,3280
2,1,3261,3638
2,0,3293,3444
2,13,3300,3311
2,1,3293,3444
2,0,3326,3359
2,12,3336,3358
2,3,3293,3444
2,3,3261,3638
2,3,3075,3638
2,3,2882,3638
2,3,2752,3643
2,0,2752,3643
2,13,2762,2773
2,24,2752,3643
2,0,3647,3688
2,2,3650,3674
2,7,2666,3692
2,22,2666,3692
2,12,1319,1337
2,0,1344,1417
2,0,1421,1447
2,13,1434,1446
2,0,1451,1509
1,10,212,3173
1,11,212,3173
1,22,212,3173
1,6,958,2263
1,0,1076,1154
1,0,1158,1208
3,10,225,4224
3,11,225,4224
3,22,225,4224
3,6,1514,1858
3,0,1575,1607
3,0,1613,1648
3,16,225,4224
3,8,991,1237
3,0,307,312
3,0,378,382
3,0,465,472
3,0,557,566
3,0,643,649
3,0,715,724
3,0,852,862
3,0,1023,1060
4,10,17,2284
4,0,58,79
4,0,102,832
4,0,852,870
4,0,890,2073
4,11,17,2284
4,22,17,2284
4,6,2082,2186
4,0,2132,2179
4,22,2082,2186
3,12,1031,1059
3,0,1109,1137
3,0,1145,1157
3,0,1161,1178
3,0,1182,1196
3,0,1200,1214
3,0,1218,1233
3,9,991,1237
3,22,991,1237
3,12,1630,1647
3,0,1652,1672
3,0,1685,1690
3,0,1676,1837
3,1,1676,1837
3,0,1718,1752
3,16,225,4224
3,8,991,1237
3,0,307,312
3,0,378,382
3,0,465,472
3,0,557,566
3,0,643,649
3,0,715,724
3,0,852,862
3,0,1023,1060
4,6,2082,2186
4,0,2132,2179
4,22,2082,2186
3,12,1031,1059
3,0,1109,1137
3,0,1145,1157
3,0,1161,1178
3,0,1182,1196
3,0,1200,1214
3,0,1218,1233
3,9,991,1237
3,22,991,1237
3,12,1734,1751
3,0,1758,1777
3,0,1783,1807
3,0,1813,1832
3,0,1702,1705
3,3,1676,1837
3,0,1676,1837
3,24,1,162
3,0,1841,1854
3,22,1514,1858
1,12,1171,1207
1,0,1212,1262
3,6,1514,1858
3,0,1575,1607
3,0,1613,1648
3,16,225,4224
3,8,991,1237
3,0,307,312
3,0,378,382
3,0,465,472
3,0,557,566
3,0,643,649
3,0,715,724
3,0,852,862
3,0,1023,1060
4,6,2082,2186
4,0,2132,2179
4,22,2082,2186
3,12,1031,1059
3,0,1109,1137
3,0,1145,1157
3,0,1161,1178
3,0,1182,1196
3,0,1200,1214
3,0,1218,1233
3,9,991,1237
3,22,991,1237
3,12,1630,1647
3,0,1652,1672
3,0,1685,1690
3,0,1676,1837
3,1,1676,1837
3,0,1718,1752
3,16,225,4224
3,8,991,1237
3,0,307,312
3,0,378,382
3,0,465,472
3,0,557,566
3,0,643,649
3,0,715,724
3,0,852,862
3,0,1023,1060
4,6,2082,2186
4,0,2132,2179
4,22,2082,2186
3,12,1031,1059
3,0,1109,1137
3,0,1145,1157
3,0,1161,1178
3,0,1182,1196
3,0,1200,1214
3,0,1218,1233
3,9,991,1237
3,22,991,1237
3,12,1734,1751
3,0,1758,1777
3,0,1783,1807
3,0,1813,1832
3,0,1702,1705
3,3,1676,1837
3,0,1676,1837
3,24,1,162
3,0,1841,1854
3,22,1514,1858
1,12,1225,1261
1,0,1291,1355
1,0,1359,1381
1,0,1385,1482
1,1,1385,1482
1,0,1418,1452
3,4,2186,2959
3,0,2252,2262
3,0,2244,2955
3,13,2273,2287
3,1,2244,2955
3,0,2308,2314
3,0,2319,2342
3,1,2349,2757
3,0,2417,2452
4,6,2192,2281
4,0,2233,2274
4,22,2192,2281
3,12,2429,2451
3,0,2458,2493
3,0,2499,2532
3,13,2515,2531
3,0,2601,2630
3,0,2642,2647
3,0,2638,2732
3,24,1,95
3,3,2349,2757
3,0,2349,2757
3,24,2349,2757
3,0,2826,2854
3,0,2904,2950
3,0,2289,2297
3,3,2244,2955
3,0,2244,2955
3,13,2273,2287
3,1,2244,2955
3,0,2308,2314
3,0,2319,2342
3,1,2349,2757
3,0,2417,2452
4,6,2192,2281
4,0,2233,2274
4,22,2192,2281
3,12,2429,2451
3,0,2458,2493
3,0,2499,2532
3,13,2515,2531
3,0,2601,2630
3,0,2642,2647
3,0,2638,2732
3,1,2638,2732
3,0,2679,2725
3,0,2661,2664
3,3,2638,2732
3,0,2638,2732
3,24,1,95
3,3,2349,2757
3,0,2349,2757
3,24,2349,2757
3,0,2826,2854
3,0,2904,2950
3,0,2289,2297
3,3,2244,2955
3,0,2244,2955
3,13,2273,2287
3,24,1,712
3,5,2186,2959
3,22,2186,2959
1,12,1418,1451
1,0,1458,1477
1,3,1385,1482
1,0,1385,1482
1,1,1385,1482
1,0,1418,1452
3,4,2186,2959
3,0,2252,2262
3,0,2244,2955
3,13,2273,2287
3,1,2244,2955
3,0,2308,2314
3,0,2319,2342
3,1,2349,2757
3,0,2417,2452
4,6,2192,2281
4,0,2233,2274
4,22,2192,2281
3,12,2429,2451
3,0,2458,2493
3,0,2499,2532
3,13,2515,2531
3,0,2601,2630
3,0,2642,2647
3,0,2638,2732
3,24,1,95
3,3,2349,2757
3,0,2349,2757
3,24,2349,2757
3,0,2826,2854
3,0,2904,2950
3,0,2289,2297
3,3,2244,2955
3,0,2244,2955
3,13,2273,2287
3,1,2244,2955
3,0,2308,2314
3,0,2319,2342
3,1,2349,2757
3,0,2417,2452
4,6,2192,2281
4,0,2233,2274
4,22,2192,2281
3,12,2429,2451
3,0,2458,2493
3,0,2499,2532
3,13,2515,2531
3,0,2601,2630
3,0,2642,2647
3,0,2638,2732
3,1,2638,2732
3,0,2679,2725
3,0,2661,2664
3,3,2638,2732
3,0,2638,2732
3,24,1,95
3,3,2349,2757
3,0,2349,2757
3,24,2349,2757
3,0,2826,2854
3,0,2904,2950
3,0,2289,2297
3,3,2244,2955
3,0,2244,2955
3,13,2273,2287
3,24,1,712
3,5,2186,2959
3,22,2186,2959
1,12,1418,1451
1,0,1458,1477
1,3,1385,1482
1,0,1385,1482
1,24,1385,1482
1,0,1486,1504
1,0,1508,1605
1,1,1508,1605
1,0,1541,1575
3,4,2186,2959
3,0,2252,2262
3,0,2244,2955
3,13,2273,2287
3,1,2244,2955
3,0,2308,2314
3,0,2319,2342
3,1,2349,2757
3,0,2417,2452
4,6,2192,2281
4,0,2233,2274
4,22,2192,2281
3,12,2429,2451
3,0,2458,2493
3,0,2499,2532
3,13,2515,2531
3,0,2601,2630
3,0,2642,2647
3,0,2638,2732
3,24,1,95
3,3,2349,2757
3,0,2349,2757
3,24,2349,2757
3,0,2826,2854
3,0,2904,2950
3,0,2289,2297
3,3,2244,2955
3,0,2244,2955
3,13,2273,2287
3,1,2244,2955
3,0,2308,2314
3,0,2319,2342
3,1,2349,2757
3,0,2417,2452
4,6,2192,2281
4,0,2233,2274
4,22,2192,2281
3,12,2429,2451
3,0,2458,2493
3,0,2499,2532
3,13,2515,2531
3,0,2601,2630
3,0,2642,2647
3,0,2638,2732
3,1,2638,2732
3,0,2679,2725
3,0,2661,2664
3,3,2638,2732
3,0,2638,2732
3,24,1,95
3,3,2349,2757
3,0,2349,2757
3,24,2349,2757
3,0,2826,2854
3,0,2904,2950
3,0,2289,2297
3,3,2244,2955
3,0,2244,2955
3,13,2273,2287
3,24,1,712
3,5,2186,2959
3,22,2186,2959
1,12,1541,1574
1,0,1581,1600
1,3,1508,1605
1,0,1508,1605
1,1,1508,1605
1,0,1541,1575
3,4,2186,2959
3,0,2252,2262
3,0,2244,2955
3,13,2273,2287
3,1,2244,2955
3,0,2308,2314
3,0,2319,2342
3,1,2349,2757
3,0,2417,2452
4,6,2192,2281
4,0,2233,2274
4,22,2192,2281
3,12,2429,2451
3,0,2458,2493
3,0,2499,2532
3,13,2515,2531
3,0,2601,2630
3,0,2642,2647
3,0,2638,2732
3,24,1,95
3,3,2349,2757
3,0,2349,2757
3,24,2349,2757
3,0,2826,2854
3,0,2904,2950
3,0,2289,2297
3,3,2244,2955
3,0,2244,2955
3,13,2273,2287
3,1,2244,2955
3,0,2308,2314
3,0,2319,2342
3,1,2349,2757
3,0,2417,2452
4,6,2192,2281
4,0,2233,2274
4,22,2192,2281
3,12,2429,2451
3,0,2458,2493
3,0,2499,2532
3,13,2515,2531
3,0,2601,2630
3,0,2642,2647
3,0,2638,2732
3,1,2638,2732
3,0,2679,2725
3,0,2661,2664
3,3,2638,2732
3,0,2638,2732
3,24,1,95
3,3,2349,2757
3,0,2349,2757
3,24,2349,2757
3,0,2826,2854
3,0,2904,2950
3,0,2289,2297
3,3,2244,2955
3,0,2244,2955
3,13,2273,2287
3,24,1,712
3,5,2186,2959
3,22,2186,2959
1,12,1541,1574
1,0,1581,1600
1,3,1508,1605
1,0,1508,1605
1,24,1508,1605
1,0,1656,1715
1,0,1721,1739
1,0,1743,1828
1,1,1743,1828
1,0,1776,1798
3,4,3253,3393
3,0,3288,3321
3,0,3358,3389
3,5,3253,3393
3,22,3253,3393
1,12,1776,1797
1,0,1804,1823
1,3,1743,1828
1,0,1743,1828
1,1,1743,1828
1,0,1776,1798
3,4,3253,3393
3,0,3288,3321
3,0,3358,3389
3,5,3253,3393
3,22,3253,3393
1,12,1776,1797
1,0,1804,1823
1,3,1743,1828
1,0,1743,1828
1,24,1743,1828
1,0,1832,1850
1,0,1854,1939
1,1,1854,1939
1,0,1887,1909
3,4,3253,3393
3,0,3288,3321
3,0,3358,3389
3,5,3253,3393
3,22,3253,3393
1,12,1887,1908
1,0,1915,1934
1,3,1854,1939
1,0,1854,1939
1,1,1854,1939
1,0,1887,1909
3,4,3253,3393
3,0,3288,3321
3,0,3358,3389
3,5,3253,3393
3,22,3253,3393
1,12,1887,1908
1,0,1915,1934
1,3,1854,1939
1,0,1854,1939
1,24,1854,1939
1,0,1972,1990
1,0,1994,2081
1,1,1994,2081
1,0,2027,2051
3,4,3497,3770
3,0,3542,3547
3,0,3534,3766
3,13,3553,3572
3,1,3534,3766
3,0,3588,3622
3,0,3627,3662
3,0,3667,3701
3,0,3706,3761
4,6,2082,2186
4,0,2132,2179
4,22,2082,2186
3,12,3732,3760
3,0,3574,3577
3,3,3534,3766
3,0,3534,3766
3,13,3553,3572
3,1,3534,3766
3,0,3588,3622
3,0,3627,3662
3,0,3667,3701
3,0,3706,3761
4,6,2082,2186
4,0,2132,2179
4,22,2082,2186
3,12,3732,3760
3,0,3574,3577
3,3,3534,3766
3,0,3534,3766
3,13,3553,3572
3,24,1,233
3,5,3497,3770
3,22,3497,3770
1,12,2027,2050
1,0,2057,2076
1,3,1994,2081
1,0,1994,2081
1,1,1994,2081
1,0,2027,2051
3,4,3497,3770
3,0,3542,3547
3,0,3534,3766
3,13,3553,3572
3,1,3534,3766
3,0,3588,3622
3,0,3627,3662
3,0,3667,3701
3,0,3706,3761
4,6,2082,2186
4,0,2132,2179
4,22,2082,2186
3,12,3732,3760
3,0,3574,3577
3,3,3534,3766
3,0,3534,3766
3,13,3553,3572
3,1,3534,3766
3,0,3588,3622
3,0,3627,3662
3,0,3667,3701
3,0,3706,3761
4,6,2082,2186
4,0,2132,2179
4,22,2082,2186
3,12,3732,3760
3,0,3574,3577
3,3,3534,3766
3,0,3534,3766
3,13,3553,3572
3,24,1,233
3,5,3497,3770
3,22,3497,3770
1,12,2027,2050
1,0,2057,2076
1,3,1994,2081
1,0,1994,2081
1,24,1994,2081
1,0,2085,2103
1,0,2107,2194
1,1,2107,2194
1,0,2140,2164
3,4,3497,3770
3,0,3542,3547
3,0,3534,3766
3,13,3553,3572
3,1,3534,3766
3,0,3588,3622
3,0,3627,3662
3,0,3667,3701
3,0,3706,3761
4,6,2082,2186
4,0,2132,2179
4,22,2082,2186
3,12,3732,3760
3,0,3574,3577
3,3,3534,3766
3,0,3534,3766
3,13,3553,3572
3,1,3534,3766
3,0,3588,3622
3,0,3627,3662
3,0,3667,3701
3,0,3706,3761
4,6,2082,2186
4,0,2132,2179
4,22,2082,2186
3,12,3732,3760
3,0,3574,3577
3,3,3534,3766
3,0,3534,3766
3,13,3553,3572
3,24,1,233
3,5,3497,3770
3,22,3497,3770
1,12,2140,2163
1,0,2170,2189
1,3,2107,2194
1,0,2107,2194
1,1,2107,2194
1,0,2140,2164
3,4,3497,3770
3,0,3542,3547
3,0,3534,3766
3,13,3553,3572
3,1,3534,3766
3,0,3588,3622
3,0,3627,3662
3,0,3667,3701
3,0,3706,3761
4,6,2082,2186
4,0,2132,2179
4,22,2082,2186
3,12,3732,3760
3,0,3574,3577
3,3,3534,3766
3,0,3534,3766
3,13,3553,3572
3,1,3534,3766
3,0,3588,3622
3,0,3627,3662
3,0,3667,3701
3,0,3706,3761
4,6,2082,2186
4,0,2132,2179
4,22,2082,2186
3,12,3732,3760
3,0,3574,3577
3,3,3534,3766
3,0,3534,3766
3,13,3553,3572
3,24,1,233
3,5,3497,3770
3,22,3497,3770
1,12,2140,2163
1,0,2170,2189
1,3,2107,2194
1,0,2107,2194
1,24,2107,2194
1,0,2200,2246
1,16,212,3173
1,8,574,644
1,0,311,317
1,0,400,406
1,0,614,625
1,0,629,640
1,9,574,644
1,22,574,644
1,12,2212,2245
1,0,2250,2259
1,22,958,2263
2,12,1467,1508
2,0,1513,1537
2,13,1524,1536
2,0,1610,1710
2,0,1714,1740
2,13,1727,1739
2,0,1752,1757
2,0,1744,1797
2,1,1744,1797
2,0,1781,1797
1,4,2384,2633
1,0,2413,2432
1,0,2436,2521
1,1,2436,2521
1,0,2468,2492
3,4,3887,4007
3,0,3932,3937
3,0,3924,4003
3,1,3924,4003
3,0,3963,4003
3,0,3954,3957
3,3,3924,4003
3,0,3924,4003
3,1,3924,4003
3,0,3963,4003
3,0,3954,3957
3,3,3924,4003
3,0,3924,4003
3,1,3924,4003
3,0,3963,4003
3,0,3954,3957
3,3,3924,4003
3,0,3924,4003
3,24,1,80
3,5,3887,4007
3,22,3887,4007
1,12,2468,2491
1,0,2497,2516
1,3,2436,2521
1,0,2436,2521
1,1,2436,2521
1,0,2468,2492
3,4,3887,4007
3,0,3932,3937
3,0,3924,4003
3,1,3924,4003
3,0,3963,4003
3,0,3954,3957
3,3,3924,4003
3,0,3924,4003
3,24,1,80
3,5,3887,4007
3,22,3887,4007
1,12,2468,2491
1,0,2497,2516
1,3,2436,2521
1,0,2436,2521
1,24,2436,2521
1,0,2525,2540
1,0,2544,2629
1,1,2544,2629
1,0,2576,2600
3,4,3887,4007
3,0,3932,3937
3,0,3924,4003
3,1,3924,4003
3,0,3963,4003
3,0,3954,3957
3,3,3924,4003
3,0,3924,4003
3,1,3924,4003
3,0,3963,4003
3,0,3954,3957
3,3,3924,4003
3,0,3924,4003
3,1,3924,4003
3,0,3963,4003
3,0,3954,3957
3,3,3924,4003
3,0,3924,4003
3,24,1,80
3,5,3887,4007
3,22,3887,4007
1,12,2576,2599
1,0,2605,2624
1,3,2544,2629
1,0,2544,2629
1,1,2544,2629
1,0,2576,2600
3,4,3887,4007
3,0,3932,3937
3,0,3924,4003
3,1,3924,4003
3,0,3963,4003
3,0,3954,3957
3,3,3924,4003
3,0,3924,4003
3,24,1,80
3,5,3887,4007
3,22,3887,4007
1,12,2576,2599
1,0,2605,2624
1,3,2544,2629
1,0,2544,2629
1,24,2544,2629
1,5,2384,2633
1,22,2384,2633
2,12,1781,1796
2,0,1772,1775
2,3,1744,1797
2,0,1744,1797
2,1,1744,1797
2,0,1781,1797
1,4,2384,2633
1,0,2413,2432
1,0,2436,2521
1,1,2436,2521
1,0,2468,2492
3,4,3887,4007
3,0,3932,3937
3,0,3924,4003
3,1,3924,4003
3,0,3963,4003
3,0,3954,3957
3,3,3924,4003
3,0,3924,4003
3,1,3924,4003
3,0,3963,4003
3,0,3954,3957
3,3,3924,4003
3,0,3924,4003
3,1,3924,4003
3,0,3963,4003
3,0,3954,3957
3,3,3924,4003
3,0,3924,4003
3,24,1,80
3,5,3887,4007
3,22,3887,4007
1,12,2468,2491
1,0,2497,2516
1,3,2436,2521
1,0,2436,2521
1,1,2436,2521
1,0,2468,2492
3,4,3887,4007
3,0,3932,3937
3,0,3924,4003
3,1,3924,4003
3,0,3963,4003
3,0,3954,3957
3,3,3924,4003
3,0,3924,4003
3,24,1,80
3,5,3887,4007
3,22,3887,4007
1,12,2468,2491
1,0,2497,2516
1,3,2436,2521
1,0,2436,2521
1,24,2436,2521
1,0,2525,2540
1,0,2544,2629
1,1,2544,2629
1,0,2576,2600
3,4,3887,4007
3,0,3932,3937
3,0,3924,4003
3,1,3924,4003
3,0,3963,4003
3,0,3954,3957
3,3,3924,4003
3,0,3924,4003
3,1,3924,4003
3,0,3963,4003
3,0,3954,3957
3,3,3924,4003
3,0,3924,4003
3,1,3924,4003
3,0,3963,4003
3,0,3954,3957
3,3,3924,4003
3,0,3924,4003
3,24,1,80
3,5,3887,4007
3,22,3887,4007
1,12,2576,2599
1,0,2605,2624
1,3,2544,2629
1,0,2544,2629
1,1,2544,2629
1,0,2576,2600
3,4,3887,4007
3,0,3932,3937
3,0,3924,4003
3,1,3924,4003
3,0,3963,4003
3,0,3954,3957
3,3,3924,4003
3,0,3924,4003
3,24,1,80
3,5,3887,4007
3,22,3887,4007
1,12,2576,2599
1,0,2605,2624
1,3,2544,2629
1,0,2544,2629
1,24,2544,2629
1,5,2384,2633
1,22,2384,2633
2,12,1781,1796
2,0,1772,1775
2,3,1744,1797
2,0,1744,1797
2,24,1,54
2,0,1801,1825
2,13,1812,1824
2,0,1866,1929
2,0,1935,2247
2,0,2257,2299
2,0,2309,2352
2,0,2362,2408
2,0,2418,2464
2,0,2474,2521
2,0,2531,2558
2,12,2531,2557
2,7,1273,2562
2,22,1273,2562
