1,10,361,3931
1,0,456,468
1,0,559,570
1,0,651,659
1,0,732,751
1,0,833,850
1,11,361,3931
1,22,361,3931
1,6,1058,2355
1,0,1104,1123
1,6,2360,3352
1,0,2415,2426
1,0,2430,2440
1,0,2444,3298
1,13,2454,2465
1,2,2450,2492
1,12,2469,2492
1,1,2444,3298
1,0,2503,2519
1,0,2574,3293
1,12,2577,2593
1,1,2574,3293
1,0,2606,2739
1,13,2613,2624
1,1,2606,2739
1,0,2632,2666
1,12,2643,2665
1,3,2606,2739
1,3,2574,3293
1,3,2444,3298
1,0,2444,3298
1,13,2454,2465
1,2,2450,2492
1,12,2469,2492
1,1,2444,3298
1,0,2503,2519
1,0,2574,3293
1,12,2577,2593
1,1,2574,3293
1,0,2755,3293
1,12,2758,2774
1,1,2755,3293
1,0,2787,2917
1,13,2794,2805
1,1,2787,2917
1,0,2813,2846
1,12,2823,2845
1,3,2787,2917
1,3,2755,3293
1,3,2574,3293
1,3,2444,3298
1,0,2444,3298
1,13,2454,2465
1,2,2450,2492
1,12,2469,2492
1,1,2444,3298
1,0,2503,2519
1,0,2574,3293
1,12,2577,2593
1,1,2574,3293
1,0,2755,3293
1,12,2758,2774
1,1,2755,3293
1,0,2933,3293
1,12,2937,2953
1,1,2933,3293
1,0,2971,3096
1,13,2979,2990
1,1,2971,3096
1,0,3000,3028
1,12,3007,3027
1,3,2971,3096
1,3,2933,3293
1,3,2755,3293
1,3,2574,3293
1,3,2444,3298
1,0,2444,3298
1,13,2454,2465
1,24,2444,3298
1,0,3302,3348
1,2,3305,3334
1,7,2360,3352
1,22,2360,3352
1,12,1104,1122
1,0,1129,1162
1,13,1142,1161
1,0,1166,1232
7,10,113,4872
7,0,308,320
7,0,345,362
7,0,387,409
7,0,431,444
7,0,466,477
7,0,499,515
7,11,113,4872
7,22,113,4872
7,6,1963,2367
7,0,2052,2363
7,1,2052,2363
7,0,2110,2166
7,16,113,4872
7,8,738,941
7,0,157,164
7,0,186,190
7,0,207,215
7,0,236,244
7,0,260,265
7,0,280,284
7,0,796,805
7,0,809,819
7,0,823,848
7,0,852,876
7,0,880,911
2,10,100,2381
2,11,100,2381
2,22,100,2381
2,16,100,2381
2,8,309,526
2,0,140,149
2,0,166,179
2,0,196,214
2,0,231,238
2,0,255,261
2,0,278,284
2,0,301,303
2,0,343,372
2,0,376,402
2,0,406,429
2,0,433,454
3,10,50,927
3,11,50,927
3,22,50,927
3,16,50,927
3,8,128,195
3,0,91,95
3,0,117,121
3,0,156,168
3,0,177,189
3,9,128,195
3,22,128,195
2,12,443,453
2,0,458,478
3,16,50,927
3,8,128,195
3,0,91,95
3,0,117,121
3,0,156,168
3,0,177,189
3,9,128,195
3,22,128,195
2,12,467,477
2,0,482,502
3,16,50,927
3,8,128,195
3,0,91,95
3,0,117,121
3,0,156,168
3,0,177,189
3,9,128,195
3,22,128,195
2,12,491,501
2,0,506,522
3,16,50,927
3,8,128,195
3,0,91,95
3,0,117,121
3,0,156,168
3,0,177,189
3,9,128,195
3,22,128,195
2,12,511,521
2,9,309,526
2,22,309,526
7,12,891,910
7,0,915,937
3,16,50,927
3,8,128,195
3,0,91,95
3,0,117,121
3,0,156,168
3,0,177,189
3,9,128,195
3,22,128,195
7,12,926,936
7,9,738,941
7,22,738,941
7,12,2128,2165
7,0,2189,2194
7,0,2180,2338
7,1,2180,2338
7,0,2220,2297
7,6,1963,2367
7,0,2052,2363
7,1,2052,2363
7,0,2110,2166
7,16,113,4872
7,8,738,941
7,0,157,164
7,0,186,190
7,0,207,215
7,0,236,244
7,0,260,265
7,0,280,284
7,0,796,805
7,0,809,819
7,0,823,848
7,0,852,876
7,0,880,911
2,16,100,2381
2,8,309,526
2,0,140,149
2,0,166,179
2,0,196,214
2,0,231,238
2,0,255,261
2,0,278,284
2,0,301,303
2,0,343,372
2,0,376,402
2,0,406,429
2,0,433,454
3,16,50,927
3,8,128,195
3,0,91,95
3,0,117,121
3,0,156,168
3,0,177,189
3,9,128,195
3,22,128,195
2,12,443,453
2,0,458,478
3,16,50,927
3,8,128,195
3,0,91,95
3,0,117,121
3,0,156,168
3,0,177,189
3,9,128,195
3,22,128,195
2,12,467,477
2,0,482,502
3,16,50,927
3,8,128,195
3,0,91,95
3,0,117,121
3,0,156,168
3,0,177,189
3,9,128,195
3,22,128,195
2,12,491,501
2,0,506,522
3,16,50,927
3,8,128,195
3,0,91,95
3,0,117,121
3,0,156,168
3,0,177,189
3,9,128,195
3,22,128,195
2,12,511,521
2,9,309,526
2,22,309,526
7,12,891,910
7,0,915,937
3,16,50,927
3,8,128,195
3,0,91,95
3,0,117,121
3,0,156,168
3,0,177,189
3,9,128,195
3,22,128,195
7,12,926,936
7,9,738,941
7,22,738,941
7,12,2128,2165
7,0,2189,2194
7,0,2180,2338
7,1,2180,2338
7,0,2220,2297
7,6,1963,2367
7,0,2052,2363
7,1,2052,2363
7,0,2071,2083
7,22,1963,2367
7,12,2236,2296
7,0,2303,2332
7,4,1163,1229
7,0,1210,1225
7,5,1163,1229
7,22,1163,1229
7,12,2303,2331
7,0,2204,2207
7,3,2180,2338
7,0,2180,2338
7,1,2180,2338
7,0,2220,2297
7,6,1963,2367
7,0,2052,2363
7,1,2052,2363
7,0,2071,2083
7,22,1963,2367
7,12,2236,2296
7,0,2303,2332
7,4,1163,1229
7,0,1210,1225
7,5,1163,1229
7,22,1163,1229
7,12,2303,2331
7,0,2204,2207
7,3,2180,2338
7,0,2180,2338
7,1,2180,2338
7,0,2220,2297
7,6,1963,2367
7,0,2052,2363
7,1,2052,2363
7,0,2071,2083
7,22,1963,2367
7,12,2236,2296
7,0,2303,2332
7,4,1163,1229
7,0,1210,1225
7,5,1163,1229
7,22,1163,1229
7,12,2303,2331
7,0,2204,2207
7,3,2180,2338
7,0,2180,2338
7,1,2180,2338
7,0,2220,2297
7,6,1963,2367
7,0,2052,2363
7,1,2052,2363
7,0,2071,2083
7,22,1963,2367
7,12,2236,2296
7,0,2303,2332
7,4,1163,1229
7,0,1210,1225
7,5,1163,1229
7,22,1163,1229
7,12,2303,2331
7,0,2204,2207
7,3,2180,2338
7,0,2180,2338
7,24,1,159
7,0,2343,2358
7,22,1963,2367
7,12,2236,2296
7,0,2303,2332
7,4,1163,1229
7,0,1210,1225
7,5,1163,1229
7,22,1163,1229
7,12,2303,2331
7,0,2204,2207
7,3,2180,2338
7,0,2180,2338
7,1,2180,2338
7,0,2220,2297
7,6,1963,2367
7,0,2052,2363
7,1,2052,2363
7,0,2110,2166
7,16,113,4872
7,8,738,941
7,0,157,164
7,0,186,190
7,0,207,215
7,0,236,244
7,0,260,265
7,0,280,284
7,0,796,805
7,0,809,819
7,0,823,848
7,0,852,876
7,0,880,911
2,16,100,2381
2,8,309,526
2,0,140,149
2,0,166,179
2,0,196,214
2,0,231,238
2,0,255,261
2,0,278,284
2,0,301,303
2,0,343,372
2,0,376,402
2,0,406,429
2,0,433,454
3,16,50,927
3,8,128,195
3,0,91,95
3,0,117,121
3,0,156,168
3,0,177,189
3,9,128,195
3,22,128,195
2,12,443,453
2,0,458,478
3,16,50,927
3,8,128,195
3,0,91,95
3,0,117,121
3,0,156,168
3,0,177,189
3,9,128,195
3,22,128,195
2,12,467,477
2,0,482,502
3,16,50,927
3,8,128,195
3,0,91,95
3,0,117,121
3,0,156,168
3,0,177,189
3,9,128,195
3,22,128,195
2,12,491,501
2,0,506,522
3,16,50,927
3,8,128,195
3,0,91,95
3,0,117,121
3,0,156,168
3,0,177,189
3,9,128,195
3,22,128,195
2,12,511,521
2,9,309,526
2,22,309,526
7,12,891,910
7,0,915,937
3,16,50,927
3,8,128,195
3,0,91,95
3,0,117,121
3,0,156,168
3,0,177,189
3,9,128,195
3,22,128,195
7,12,926,936
7,9,738,941
7,22,738,941
7,12,2128,2165
7,0,2189,2194
7,0,2180,2338
7,1,2180,2338
7,0,2220,2297
7,6,1963,2367
7,0,2052,2363
7,1,2052,2363
7,0,2071,2083
7,22,1963,2367
7,12,2236,2296
7,0,2303,2332
7,4,1163,1229
7,0,1210,1225
7,5,1163,1229
7,22,1163,1229
7,12,2303,2331
7,0,2204,2207
7,3,2180,2338
7,0,2180,2338
7,1,2180,2338
7,0,2220,2297
7,6,1963,2367
7,0,2052,2363
7,1,2052,2363
7,0,2071,2083
7,22,1963,2367
7,12,2236,2296
7,0,2303,2332
7,4,1163,1229
7,0,1210,1225
7,5,1163,1229
7,22,1163,1229
7,12,2303,2331
7,0,2204,2207
7,3,2180,2338
7,0,2180,2338
7,1,2180,2338
7,0,2220,2297
7,6,1963,2367
7,0,2052,2363
7,1,2052,2363
7,0,2071,2083
7,22,1963,2367
7,12,2236,2296
7,0,2303,2332
7,4,1163,1229
7,0,1210,1225
7,5,1163,1229
7,22,1163,1229
7,12,2303,2331
7,0,2204,2207
7,3,2180,2338
7,0,2180,2338
7,1,2180,2338
7,0,2220,2297
7,6,1963,2367
7,0,2052,2363
7,1,2052,2363
7,0,2071,2083
7,22,1963,2367
7,12,2236,2296
7,0,2303,2332
7,4,1163,1229
7,0,1210,1225
7,5,1163,1229
7,22,1163,1229
7,12,2303,2331
7,0,2204,2207
7,3,2180,2338
7,0,2180,2338
7,24,1,159
7,0,2343,2358
7,22,1963,2367
7,12,2236,2296
7,0,2303,2332
7,4,1163,1229
7,0,1210,1225
7,5,1163,1229
7,22,1163,1229
7,12,2303,2331
7,0,2204,2207
7,3,2180,2338
7,0,2180,2338
7,1,2180,2338
7,0,2220,2297
7,6,1963,2367
7,0,2052,2363
7,1,2052,2363
7,0,2110,2166
7,16,113,4872
7,8,738,941
7,0,157,164
7,0,186,190
7,0,207,215
7,0,236,244
7,0,260,265
7,0,280,284
7,0,796,805
7,0,809,819
7,0,823,848
7,0,852,876
7,0,880,911
2,16,100,2381
2,8,309,526
2,0,140,149
2,0,166,179
2,0,196,214
2,0,231,238
2,0,255,261
2,0,278,284
2,0,301,303
2,0,343,372
2,0,376,402
2,0,406,429
2,0,433,454
3,16,50,927
3,8,128,195
3,0,91,95
3,0,117,121
3,0,156,168
3,0,177,189
3,9,128,195
3,22,128,195
2,12,443,453
2,0,458,478
3,16,50,927
3,8,128,195
3,0,91,95
3,0,117,121
3,0,156,168
3,0,177,189
3,9,128,195
3,22,128,195
2,12,467,477
2,0,482,502
3,16,50,927
3,8,128,195
3,0,91,95
3,0,117,121
3,0,156,168
3,0,177,189
3,9,128,195
3,22,128,195
2,12,491,501
2,0,506,522
3,16,50,927
3,8,128,195
3,0,91,95
3,0,117,121
3,0,156,168
3,0,177,189
3,9,128,195
3,22,128,195
2,12,511,521
2,9,309,526
2,22,309,526
7,12,891,910
7,0,915,937
3,16,50,927
3,8,128,195
3,0,91,95
3,0,117,121
3,0,156,168
3,0,177,189
3,9,128,195
3,22,128,195
7,12,926,936
7,9,738,941
7,22,738,941
7,12,2128,2165
7,0,2189,2194
7,0,2180,2338
7,1,2180,2338
7,0,2220,2297
7,6,1963,2367
7,0,2052,2363
7,1,2052,2363
7,0,2071,2083
7,22,1963,2367
7,12,2236,2296
7,0,2303,2332
7,4,1163,1229
7,0,1210,1225
7,5,1163,1229
7,22,1163,1229
7,12,2303,2331
7,0,2204,2207
7,3,2180,2338
7,0,2180,2338
7,1,2180,2338
7,0,2220,2297
7,6,1963,2367
7,0,2052,2363
7,1,2052,2363
7,0,2071,2083
7,22,1963,2367
7,12,2236,2296
7,0,2303,2332
7,4,1163,1229
7,0,1210,1225
7,5,1163,1229
7,22,1163,1229
7,12,2303,2331
7,0,2204,2207
7,3,2180,2338
7,0,2180,2338
7,1,2180,2338
7,0,2220,2297
7,6,1963,2367
7,0,2052,2363
7,1,2052,2363
7,0,2071,2083
7,22,1963,2367
7,12,2236,2296
7,0,2303,2332
7,4,1163,1229
7,0,1210,1225
7,5,1163,1229
7,22,1163,1229
7,12,2303,2331
7,0,2204,2207
7,3,2180,2338
7,0,2180,2338
7,1,2180,2338
7,0,2220,2297
7,6,1963,2367
7,0,2052,2363
7,1,2052,2363
7,0,2071,2083
7,22,1963,2367
7,12,2236,2296
7,0,2303,2332
7,4,1163,1229
7,0,1210,1225
7,5,1163,1229
7,22,1163,1229
7,12,2303,2331
7,0,2204,2207
7,3,2180,2338
7,0,2180,2338
7,24,1,159
7,0,2343,2358
7,22,1963,2367
7,12,2236,2296
7,0,2303,2332
7,4,1163,1229
7,0,1210,1225
7,5,1163,1229
7,22,1163,1229
7,12,2303,2331
7,0,2204,2207
7,3,2180,2338
7,0,2180,2338
7,1,2180,2338
7,0,2220,2297
7,6,1963,2367
7,0,2052,2363
7,1,2052,2363
7,0,2110,2166
7,16,113,4872
7,8,738,941
7,0,157,164
7,0,186,190
7,0,207,215
7,0,236,244
7,0,260,265
7,0,280,284
7,0,796,805
7,0,809,819
7,0,823,848
7,0,852,876
7,0,880,911
2,16,100,2381
2,8,309,526
2,0,140,149
2,0,166,179
2,0,196,214
2,0,231,238
2,0,255,261
2,0,278,284
2,0,301,303
2,0,343,372
2,0,376,402
2,0,406,429
2,0,433,454
3,16,50,927
3,8,128,195
3,0,91,95
3,0,117,121
3,0,156,168
3,0,177,189
3,9,128,195
3,22,128,195
2,12,443,453
2,0,458,478
3,16,50,927
3,8,128,195
3,0,91,95
3,0,117,121
3,0,156,168
3,0,177,189
3,9,128,195
3,22,128,195
2,12,467,477
2,0,482,502
3,16,50,927
3,8,128,195
3,0,91,95
3,0,117,121
3,0,156,168
3,0,177,189
3,9,128,195
3,22,128,195
2,12,491,501
2,0,506,522
3,16,50,927
3,8,128,195
3,0,91,95
3,0,117,121
3,0,156,168
3,0,177,189
3,9,128,195
3,22,128,195
2,12,511,521
2,9,309,526
2,22,309,526
7,12,891,910
7,0,915,937
3,16,50,927
3,8,128,195
3,0,91,95
3,0,117,121
3,0,156,168
3,0,177,189
3,9,128,195
3,22,128,195
7,12,926,936
7,9,738,941
7,22,738,941
7,12,2128,2165
7,0,2189,2194
7,0,2180,2338
7,1,2180,2338
7,0,2220,2297
7,6,1963,2367
7,0,2052,2363
7,1,2052,2363
7,0,2071,2083
7,22,1963,2367
7,12,2236,2296
7,0,2303,2332
7,4,1163,1229
7,0,1210,1225
7,5,1163,1229
7,22,1163,1229
7,12,2303,2331
7,0,2204,2207
7,3,2180,2338
7,0,2180,2338
7,1,2180,2338
7,0,2220,2297
7,6,1963,2367
7,0,2052,2363
7,1,2052,2363
7,0,2071,2083
7,22,1963,2367
7,12,2236,2296
7,0,2303,2332
7,4,1163,1229
7,0,1210,1225
7,5,1163,1229
7,22,1163,1229
7,12,2303,2331
7,0,2204,2207
7,3,2180,2338
7,0,2180,2338
7,1,2180,2338
7,0,2220,2297
7,6,1963,2367
7,0,2052,2363
7,1,2052,2363
7,0,2071,2083
7,22,1963,2367
7,12,2236,2296
7,0,2303,2332
7,4,1163,1229
7,0,1210,1225
7,5,1163,1229
7,22,1163,1229
7,12,2303,2331
7,0,2204,2207
7,3,2180,2338
7,0,2180,2338
7,1,2180,2338
7,0,2220,2297
7,6,1963,2367
7,0,2052,2363
7,1,2052,2363
7,0,2071,2083
7,22,1963,2367
7,12,2236,2296
7,0,2303,2332
7,4,1163,1229
7,0,1210,1225
7,5,1163,1229
7,22,1163,1229
7,12,2303,2331
7,0,2204,2207
7,3,2180,2338
7,0,2180,2338
7,24,1,159
7,0,2343,2358
7,22,1963,2367
7,12,2236,2296
7,0,2303,2332
7,4,1163,1229
7,0,1210,1225
7,5,1163,1229
7,22,1163,1229
7,12,2303,2331
7,0,2204,2207
7,3,2180,2338
7,0,2180,2338
7,24,1,159
7,0,2343,2358
7,22,1963,2367
1,12,1180,1231
1,0,1236,1267
1,13,1247,1266
1,0,1273,1356
1,0,1362,1395
1,13,1375,1394
1,0,1407,1412
1,0,1399,1525
1,1,1399,1525
1,0,1441,1500
1,2,1445,1471
1,0,1505,1520
7,4,2504,3327
7,0,2593,2615
7,0,2630,2635
7,0,2621,2735
7,1,2621,2735
7,0,2660,2683
7,0,2688,2730
7,1,2688,2730
7,0,2708,2730
7,4,2504,3327
7,0,2593,2615
7,0,2630,2635
7,0,2621,2735
7,1,2621,2735
7,0,2660,2683
7,0,2688,2730
7,0,2645,2648
7,3,2621,2735
7,0,2621,2735
7,1,2621,2735
7,0,2660,2683
7,0,2688,2730
7,0,2645,2648
7,3,2621,2735
7,0,2621,2735
7,1,2621,2735
7,0,2660,2683
7,0,2688,2730
7,0,2645,2648
7,3,2621,2735
7,0,2621,2735
7,1,2621,2735
7,0,2660,2683
7,0,2688,2730
7,0,2645,2648
7,3,2621,2735
7,0,2621,2735
7,24,1,115
7,0,2752,2757
7,0,2743,3069
7,1,2743,3069
7,0,2782,2798
7,0,2803,3064
7,0,2767,2770
7,3,2743,3069
7,0,2743,3069
7,1,2743,3069
7,0,2782,2798
7,0,2803,3064
7,0,2767,2770
7,3,2743,3069
7,0,2743,3069
7,1,2743,3069
7,0,2782,2798
7,0,2803,3064
7,0,2767,2770
7,3,2743,3069
7,0,2743,3069
7,1,2743,3069
7,0,2782,2798
7,0,2803,3064
7,0,2767,2770
7,3,2743,3069
7,0,2743,3069
7,24,1,327
7,0,3075,3114
2,4,1069,1393
2,0,1129,1151
2,0,1161,1389
2,24,1161,1389
2,5,1069,1393
2,22,1069,1393
7,12,3075,3113
7,0,3118,3163
2,4,1497,2006
2,0,1547,1568
3,16,50,927
3,8,128,195
3,0,91,95
3,0,117,121
3,0,156,168
3,0,177,189
3,9,128,195
3,22,128,195
2,12,1557,1567
2,0,1578,1600
2,0,1610,1988
2,24,1610,1988
2,0,1992,2002
2,22,1497,2006
7,12,3128,3162
7,0,3167,3199
2,4,2011,2378
2,0,2059,2082
2,0,2092,2374
2,24,2092,2374
2,5,2011,2378
2,22,2011,2378
7,12,3167,3198
7,0,3233,3259
7,4,4316,4497
7,0,4357,4384
7,6,4608,4869
7,0,4653,4672
7,0,4676,4694
7,0,4698,4735
7,0,4739,4758
7,0,4762,4807
7,0,4811,4847
7,0,4851,4865
7,22,4608,4869
7,12,4371,4383
7,0,4388,4412
7,0,4416,4433
7,0,4437,4480
7,0,4484,4493
7,22,4316,4497
7,12,3241,3258
7,0,3263,3307
7,0,3313,3323
7,22,2504,3327
7,12,2717,2729
7,3,2688,2730
7,0,2645,2648
7,3,2621,2735
7,0,2621,2735
7,1,2621,2735
7,0,2660,2683
7,0,2688,2730
7,1,2688,2730
7,0,2708,2730
7,4,2504,3327
7,0,2593,2615
7,0,2630,2635
7,0,2621,2735
7,1,2621,2735
7,0,2660,2683
7,0,2688,2730
7,0,2645,2648
7,3,2621,2735
7,0,2621,2735
7,1,2621,2735
7,0,2660,2683
7,0,2688,2730
7,0,2645,2648
7,3,2621,2735
7,0,2621,2735
7,1,2621,2735
7,0,2660,2683
7,0,2688,2730
7,0,2645,2648
7,3,2621,2735
7,0,2621,2735
7,1,2621,2735
7,0,2660,2683
7,0,2688,2730
7,0,2645,2648
7,3,2621,2735
7,0,2621,2735
7,24,1,115
7,0,2752,2757
7,0,2743,3069
7,1,2743,3069
7,0,2782,2798
7,0,2803,3064
7,0,2767,2770
7,3,2743,3069
7,0,2743,3069
7,1,2743,3069
7,0,2782,2798
7,0,2803,3064
7,0,2767,2770
7,3,2743,3069
7,0,2743,3069
7,1,2743,3069
7,0,2782,2798
7,0,2803,3064
7,0,2767,2770
7,3,2743,3069
7,0,2743,3069
7,1,2743,3069
7,0,2782,2798
7,0,2803,3064
7,0,2767,2770
7,3,2743,3069
7,0,2743,3069
7,24,1,327
7,0,3075,3114
2,4,1069,1393
2,0,1129,1151
2,0,1161,1389
2,24,1161,1389
2,5,1069,1393
2,22,1069,1393
7,12,3075,3113
7,0,3118,3163
2,4,1497,2006
2,0,1547,1568
3,16,50,927
3,8,128,195
3,0,91,95
3,0,117,121
3,0,156,168
3,0,177,189
3,9,128,195
3,22,128,195
2,12,1557,1567
2,0,1578,1600
2,0,1610,1988
2,24,1610,1988
2,0,1992,2002
2,22,1497,2006
7,12,3128,3162
7,0,3167,3199
2,4,2011,2378
2,0,2059,2082
2,0,2092,2374
2,24,2092,2374
2,5,2011,2378
2,22,2011,2378
7,12,3167,3198
7,0,3233,3259
7,4,4316,4497
7,0,4357,4384
7,6,4608,4869
7,0,4653,4672
7,0,4676,4694
7,0,4698,4735
7,0,4739,4758
7,0,4762,4807
7,0,4811,4847
7,0,4851,4865
7,22,4608,4869
7,12,4371,4383
7,0,4388,4412
7,0,4416,4433
7,0,4437,4480
7,0,4484,4493
7,22,4316,4497
7,12,3241,3258
7,0,3263,3307
7,0,3313,3323
7,22,2504,3327
7,12,2717,2729
7,3,2688,2730
7,0,2645,2648
7,3,2621,2735
7,0,2621,2735
7,1,2621,2735
7,0,2660,2683
7,0,2688,2730
7,1,2688,2730
7,0,2708,2730
7,4,2504,3327
7,0,2593,2615
7,0,2630,2635
7,0,2621,2735
7,1,2621,2735
7,0,2660,2683
7,0,2688,2730
7,0,2645,2648
7,3,2621,2735
7,0,2621,2735
7,1,2621,2735
7,0,2660,2683
7,0,2688,2730
7,0,2645,2648
7,3,2621,2735
7,0,2621,2735
7,1,2621,2735
7,0,2660,2683
7,0,2688,2730
7,0,2645,2648
7,3,2621,2735
7,0,2621,2735
7,1,2621,2735
7,0,2660,2683
7,0,2688,2730
7,0,2645,2648
7,3,2621,2735
7,0,2621,2735
7,24,1,115
7,0,2752,2757
7,0,2743,3069
7,1,2743,3069
7,0,2782,2798
7,0,2803,3064
7,0,2767,2770
7,3,2743,3069
7,0,2743,3069
7,1,2743,3069
7,0,2782,2798
7,0,2803,3064
7,0,2767,2770
7,3,2743,3069
7,0,2743,3069
7,1,2743,3069
7,0,2782,2798
7,0,2803,3064
7,0,2767,2770
7,3,2743,3069
7,0,2743,3069
7,1,2743,3069
7,0,2782,2798
7,0,2803,3064
7,0,2767,2770
7,3,2743,3069
7,0,2743,3069
7,24,1,327
7,0,3075,3114
2,4,1069,1393
2,0,1129,1151
2,0,1161,1389
2,24,1161,1389
2,5,1069,1393
2,22,1069,1393
7,12,3075,3113
7,0,3118,3163
2,4,1497,2006
2,0,1547,1568
3,16,50,927
3,8,128,195
3,0,91,95
3,0,117,121
3,0,156,168
3,0,177,189
3,9,128,195
3,22,128,195
2,12,1557,1567
2,0,1578,1600
2,0,1610,1988
2,24,1610,1988
2,0,1992,2002
2,22,1497,2006
7,12,3128,3162
7,0,3167,3199
2,4,2011,2378
2,0,2059,2082
2,0,2092,2374
2,24,2092,2374
2,5,2011,2378
2,22,2011,2378
7,12,3167,3198
7,0,3233,3259
7,4,4316,4497
7,0,4357,4384
7,6,4608,4869
7,0,4653,4672
7,0,4676,4694
7,0,4698,4735
7,0,4739,4758
7,0,4762,4807
7,0,4811,4847
7,0,4851,4865
7,22,4608,4869
7,12,4371,4383
7,0,4388,4412
7,0,4416,4433
7,0,4437,4480
7,0,4484,4493
7,22,4316,4497
7,12,3241,3258
7,0,3263,3307
7,0,3313,3323
7,22,2504,3327
7,12,2717,2729
7,3,2688,2730
7,0,2645,2648
7,3,2621,2735
7,0,2621,2735
7,1,2621,2735
7,0,2660,2683
7,0,2688,2730
7,1,2688,2730
7,0,2708,2730
7,4,2504,3327
7,0,2593,2615
7,0,2630,2635
7,0,2621,2735
7,1,2621,2735
7,0,2660,2683
7,0,2688,2730
7,0,2645,2648
7,3,2621,2735
7,0,2621,2735
7,1,2621,2735
7,0,2660,2683
7,0,2688,2730
7,0,2645,2648
7,3,2621,2735
7,0,2621,2735
7,1,2621,2735
7,0,2660,2683
7,0,2688,2730
7,0,2645,2648
7,3,2621,2735
7,0,2621,2735
7,1,2621,2735
7,0,2660,2683
7,0,2688,2730
7,0,2645,2648
7,3,2621,2735
7,0,2621,2735
7,24,1,115
7,0,2752,2757
7,0,2743,3069
7,1,2743,3069
7,0,2782,2798
7,0,2803,3064
7,0,2767,2770
7,3,2743,3069
7,0,2743,3069
7,1,2743,3069
7,0,2782,2798
7,0,2803,3064
7,0,2767,2770
7,3,2743,3069
7,0,2743,3069
7,1,2743,3069
7,0,2782,2798
7,0,2803,3064
7,0,2767,2770
7,3,2743,3069
7,0,2743,3069
7,1,2743,3069
7,0,2782,2798
7,0,2803,3064
7,0,2767,2770
7,3,2743,3069
7,0,2743,3069
7,24,1,327
7,0,3075,3114
2,4,1069,1393
2,0,1129,1151
2,0,1161,1389
2,24,1161,1389
2,5,1069,1393
2,22,1069,1393
7,12,3075,3113
7,0,3118,3163
2,4,1497,2006
2,0,1547,1568
3,16,50,927
3,8,128,195
3,0,91,95
3,0,117,121
3,0,156,168
3,0,177,189
3,9,128,195
3,22,128,195
2,12,1557,1567
2,0,1578,1600
2,0,1610,1988
2,24,1610,1988
2,0,1992,2002
2,22,1497,2006
7,12,3128,3162
7,0,3167,3199
2,4,2011,2378
2,0,2059,2082
2,0,2092,2374
2,24,2092,2374
2,5,2011,2378
2,22,2011,2378
7,12,3167,3198
7,0,3233,3259
7,4,4316,4497
7,0,4357,4384
7,6,4608,4869
7,0,4653,4672
7,0,4676,4694
7,0,4698,4735
7,0,4739,4758
7,0,4762,4807
7,0,4811,4847
7,0,4851,4865
7,22,4608,4869
7,12,4371,4383
7,0,4388,4412
7,0,4416,4433
7,0,4437,4480
7,0,4484,4493
7,22,4316,4497
7,12,3241,3258
7,0,3263,3307
7,0,3313,3323
7,22,2504,3327
7,12,2717,2729
7,3,2688,2730
7,0,2645,2648
7,3,2621,2735
7,0,2621,2735
7,24,1,115
7,0,2752,2757
7,0,2743,3069
7,1,2743,3069
7,0,2782,2798
7,0,2803,3064
7,1,2803,3064
7,0,2842,2859
7,0,2877,3058
7,24,2877,3058
7,3,2803,3064
7,0,2767,2770
7,3,2743,3069
7,0,2743,3069
7,1,2743,3069
7,0,2782,2798
7,0,2803,3064
7,1,2803,3064
7,0,2842,2859
7,0,2877,3058
7,24,2877,3058
7,3,2803,3064
7,0,2767,2770
7,3,2743,3069
7,0,2743,3069
7,1,2743,3069
7,0,2782,2798
7,0,2803,3064
7,1,2803,3064
7,0,2842,2859
7,0,2877,3058
7,24,2877,3058
7,3,2803,3064
7,0,2767,2770
7,3,2743,3069
7,0,2743,3069
7,1,2743,3069
7,0,2782,2798
7,0,2803,3064
7,1,2803,3064
7,0,2842,2859
7,0,2877,3058
7,24,2877,3058
7,3,2803,3064
7,0,2767,2770
7,3,2743,3069
7,0,2743,3069
7,24,1,327
7,0,3075,3114
2,4,1069,1393
2,0,1129,1151
2,0,1161,1389
2,24,1161,1389
2,5,1069,1393
2,22,1069,1393
7,12,3075,3113
7,0,3118,3163
2,4,1497,2006
2,0,1547,1568
3,16,50,927
3,8,128,195
3,0,91,95
3,0,117,121
3,0,156,168
3,0,177,189
3,9,128,195
3,22,128,195
2,12,1557,1567
2,0,1578,1600
2,0,1610,1988
2,24,1610,1988
2,0,1992,2002
2,22,1497,2006
7,12,3128,3162
7,0,3167,3199
2,4,2011,2378
2,0,2059,2082
2,0,2092,2374
2,24,2092,2374
2,5,2011,2378
2,22,2011,2378
7,12,3167,3198
7,0,3233,3259
7,4,4316,4497
7,0,4357,4384
7,6,4608,4869
7,0,4653,4672
7,0,4676,4694
7,0,4698,4735
7,0,4739,4758
7,0,4762,4807
7,0,4811,4847
7,0,4851,4865
7,22,4608,4869
7,12,4371,4383
7,0,4388,4412
7,0,4416,4433
7,0,4437,4480
7,0,4484,4493
7,22,4316,4497
7,12,3241,3258
7,0,3263,3307
7,0,3313,3323
7,22,2504,3327
1,12,1505,1519
1,0,1427,1430
1,3,1399,1525
1,0,1399,1525
1,1,1399,1525
1,0,1441,1500
1,0,1505,1520
7,4,2504,3327
7,0,2593,2615
7,0,2630,2635
7,0,2621,2735
7,1,2621,2735
7,0,2660,2683
7,0,2688,2730
7,1,2688,2730
7,0,2708,2730
7,4,2504,3327
7,0,2593,2615
7,0,2630,2635
7,0,2621,2735
7,1,2621,2735
7,0,2660,2683
7,0,2688,2730
7,0,2645,2648
7,3,2621,2735
7,0,2621,2735
7,1,2621,2735
7,0,2660,2683
7,0,2688,2730
7,0,2645,2648
7,3,2621,2735
7,0,2621,2735
7,1,2621,2735
7,0,2660,2683
7,0,2688,2730
7,0,2645,2648
7,3,2621,2735
7,0,2621,2735
7,1,2621,2735
7,0,2660,2683
7,0,2688,2730
7,0,2645,2648
7,3,2621,2735
7,0,2621,2735
7,24,1,115
7,0,2752,2757
7,0,2743,3069
7,1,2743,3069
7,0,2782,2798
7,0,2803,3064
7,0,2767,2770
7,3,2743,3069
7,0,2743,3069
7,1,2743,3069
7,0,2782,2798
7,0,2803,3064
7,0,2767,2770
7,3,2743,3069
7,0,2743,3069
7,1,2743,3069
7,0,2782,2798
7,0,2803,3064
7,0,2767,2770
7,3,2743,3069
7,0,2743,3069
7,1,2743,3069
7,0,2782,2798
7,0,2803,3064
7,0,2767,2770
7,3,2743,3069
7,0,2743,3069
7,24,1,327
7,0,3075,3114
2,4,1069,1393
2,0,1129,1151
2,0,1161,1389
2,24,1161,1389
2,5,1069,1393
2,22,1069,1393
7,12,3075,3113
7,0,3118,3163
2,4,1497,2006
2,0,1547,1568
3,16,50,927
3,8,128,195
3,0,91,95
3,0,117,121
3,0,156,168
3,0,177,189
3,9,128,195
3,22,128,195
2,12,1557,1567
2,0,1578,1600
2,0,1610,1988
2,24,1610,1988
2,0,1992,2002
2,22,1497,2006
7,12,3128,3162
7,0,3167,3199
2,4,2011,2378
2,0,2059,2082
2,0,2092,2374
2,24,2092,2374
2,5,2011,2378
2,22,2011,2378
7,12,3167,3198
7,0,3233,3259
7,4,4316,4497
7,0,4357,4384
7,6,4608,4869
7,0,4653,4672
7,0,4676,4694
7,0,4698,4735
7,0,4739,4758
7,0,4762,4807
7,0,4811,4847
7,0,4851,4865
7,22,4608,4869
7,12,4371,4383
7,0,4388,4412
7,0,4416,4433
7,0,4437,4480
7,1,4437,4480
7,0,4458,4480
5,10,75,418
5,11,75,418
5,22,75,418
5,16,75,418
5,8,314,415
5,0,112,128
5,0,143,147
5,0,162,170
5,0,182,186
5,0,347,356
5,0,360,381
5,0,385,394
5,0,398,411
5,9,314,415
5,22,314,415
7,12,4462,4479
7,3,4437,4480
7,0,4484,4493
7,22,4316,4497
7,12,3241,3258
7,0,3263,3307
7,1,3263,3307
7,0,3281,3307
2,4,606,856
2,0,650,679
2,0,683,704
2,0,708,852
2,1,708,852
2,0,742,758
2,0,764,778
3,4,201,398
3,0,242,274
4,10,16,179
4,11,16,179
4,22,16,179
4,16,16,179
4,8,98,177
4,0,60,64
4,0,84,91
4,0,138,150
4,0,159,171
4,9,98,177
4,22,98,177
3,12,258,273
3,0,283,368
3,1,283,368
3,0,313,325
3,3,283,368
3,0,380,392
3,5,201,398
3,22,201,398
2,12,764,777
2,0,784,799
2,0,805,817
2,3,708,852
2,5,606,856
2,22,606,856
7,12,3281,3306
7,3,3263,3307
7,0,3313,3323
7,22,2504,3327
7,12,2717,2729
7,3,2688,2730
7,0,2645,2648
7,3,2621,2735
7,0,2621,2735
7,1,2621,2735
7,0,2660,2683
7,0,2688,2730
7,1,2688,2730
7,0,2708,2730
7,4,2504,3327
7,0,2593,2615
7,0,2630,2635
7,0,2621,2735
7,1,2621,2735
7,0,2660,2683
7,0,2688,2730
7,0,2645,2648
7,3,2621,2735
7,0,2621,2735
7,1,2621,2735
7,0,2660,2683
7,0,2688,2730
7,0,2645,2648
7,3,2621,2735
7,0,2621,2735
7,1,2621,2735
7,0,2660,2683
7,0,2688,2730
7,0,2645,2648
7,3,2621,2735
7,0,2621,2735
7,1,2621,2735
7,0,2660,2683
7,0,2688,2730
7,0,2645,2648
7,3,2621,2735
7,0,2621,2735
7,24,1,115
7,0,2752,2757
7,0,2743,3069
7,1,2743,3069
7,0,2782,2798
7,0,2803,3064
7,0,2767,2770
7,3,2743,3069
7,0,2743,3069
7,1,2743,3069
7,0,2782,2798
7,0,2803,3064
7,0,2767,2770
7,3,2743,3069
7,0,2743,3069
7,1,2743,3069
7,0,2782,2798
7,0,2803,3064
7,0,2767,2770
7,3,2743,3069
7,0,2743,3069
7,1,2743,3069
7,0,2782,2798
7,0,2803,3064
7,0,2767,2770
7,3,2743,3069
7,0,2743,3069
7,24,1,327
7,0,3075,3114
2,4,1069,1393
2,0,1129,1151
2,0,1161,1389
2,24,1161,1389
2,5,1069,1393
2,22,1069,1393
7,12,3075,3113
7,0,3118,3163
2,4,1497,2006
2,0,1547,1568
3,16,50,927
3,8,128,195
3,0,91,95
3,0,117,121
3,0,156,168
3,0,177,189
3,9,128,195
3,22,128,195
2,12,1557,1567
2,0,1578,1600
2,0,1610,1988
2,24,1610,1988
2,0,1992,2002
2,22,1497,2006
7,12,3128,3162
7,0,3167,3199
2,4,2011,2378
2,0,2059,2082
2,0,2092,2374
2,24,2092,2374
2,5,2011,2378
2,22,2011,2378
7,12,3167,3198
7,0,3233,3259
7,4,4316,4497
7,0,4357,4384
7,6,4608,4869
7,0,4653,4672
7,0,4676,4694
7,0,4698,4735
7,0,4739,4758
7,0,4762,4807
7,0,4811,4847
7,0,4851,4865
7,22,4608,4869
7,12,4371,4383
7,0,4388,4412
7,0,4416,4433
7,0,4437,4480
7,0,4484,4493
7,22,4316,4497
7,12,3241,3258
7,0,3263,3307
7,0,3313,3323
7,22,2504,3327
7,12,2717,2729
7,3,2688,2730
7,0,2645,2648
7,3,2621,2735
7,0,2621,2735
7,1,2621,2735
7,0,2660,2683
7,0,2688,2730
7,1,2688,2730
7,0,2708,2730
7,4,2504,3327
7,0,2593,2615
7,0,2630,2635
7,0,2621,2735
7,1,2621,2735
7,0,2660,2683
7,0,2688,2730
7,0,2645,2648
7,3,2621,2735
7,0,2621,2735
7,1,2621,2735
7,0,2660,2683
7,0,2688,2730
7,0,2645,2648
7,3,2621,2735
7,0,2621,2735
7,1,2621,2735
7,0,2660,2683
7,0,2688,2730
7,0,2645,2648
7,3,2621,2735
7,0,2621,2735
7,1,2621,2735
7,0,2660,2683
7,0,2688,2730
7,0,2645,2648
7,3,2621,2735
7,0,2621,2735
7,24,1,115
7,0,2752,2757
7,0,2743,3069
7,1,2743,3069
7,0,2782,2798
7,0,2803,3064
7,0,2767,2770
7,3,2743,3069
7,0,2743,3069
7,1,2743,3069
7,0,2782,2798
7,0,2803,3064
7,0,2767,2770
7,3,2743,3069
7,0,2743,3069
7,1,2743,3069
7,0,2782,2798
7,0,2803,3064
7,0,2767,2770
7,3,2743,3069
7,0,2743,3069
7,1,2743,3069
7,0,2782,2798
7,0,2803,3064
7,0,2767,2770
7,3,2743,3069
7,0,2743,3069
7,24,1,327
7,0,3075,3114
2,4,1069,1393
2,0,1129,1151
2,0,1161,1389
2,24,1161,1389
2,5,1069,1393
2,22,1069,1393
7,12,3075,3113
7,0,3118,3163
2,4,1497,2006
2,0,1547,1568
3,16,50,927
3,8,128,195
3,0,91,95
3,0,117,121
3,0,156,168
3,0,177,189
3,9,128,195
3,22,128,195
2,12,1557,1567
2,0,1578,1600
2,0,1610,1988
2,24,1610,1988
2,0,1992,2002
2,22,1497,2006
7,12,3128,3162
7,0,3167,3199
2,4,2011,2378
2,0,2059,2082
2,0,2092,2374
2,24,2092,2374
2,5,2011,2378
2,22,2011,2378
7,12,3167,3198
7,0,3233,3259
7,4,4316,4497
7,0,4357,4384
7,6,4608,4869
7,0,4653,4672
7,0,4676,4694
7,0,4698,4735
7,0,4739,4758
7,0,4762,4807
7,0,4811,4847
7,0,4851,4865
7,22,4608,4869
7,12,4371,4383
7,0,4388,4412
7,0,4416,4433
7,0,4437,4480
7,0,4484,4493
7,22,4316,4497
7,12,3241,3258
7,0,3263,3307
7,0,3313,3323
7,22,2504,3327
7,12,2717,2729
7,3,2688,2730
7,0,2645,2648
7,3,2621,2735
7,0,2621,2735
7,1,2621,2735
7,0,2660,2683
7,0,2688,2730
7,1,2688,2730
7,0,2708,2730
7,4,2504,3327
7,0,2593,2615
7,0,2630,2635
7,0,2621,2735
7,1,2621,2735
7,0,2660,2683
7,0,2688,2730
7,0,2645,2648
7,3,2621,2735
7,0,2621,2735
7,1,2621,2735
7,0,2660,2683
7,0,2688,2730
7,0,2645,2648
7,3,2621,2735
7,0,2621,2735
7,1,2621,2735
7,0,2660,2683
7,0,2688,2730
7,0,2645,2648
7,3,2621,2735
7,0,2621,2735
7,1,2621,2735
7,0,2660,2683
7,0,2688,2730
7,0,2645,2648
7,3,2621,2735
7,0,2621,2735
7,24,1,115
7,0,2752,2757
7,0,2743,3069
7,1,2743,3069
7,0,2782,2798
7,0,2803,3064
7,0,2767,2770
7,3,2743,3069
7,0,2743,3069
7,1,2743,3069
7,0,2782,2798
7,0,2803,3064
7,0,2767,2770
7,3,2743,3069
7,0,2743,3069
7,1,2743,3069
7,0,2782,2798
7,0,2803,3064
7,0,2767,2770
7,3,2743,3069
7,0,2743,3069
7,1,2743,3069
7,0,2782,2798
7,0,2803,3064
7,0,2767,2770
7,3,2743,3069
7,0,2743,3069
7,24,1,327
7,0,3075,3114
2,4,1069,1393
2,0,1129,1151
2,0,1161,1389
2,24,1161,1389
2,5,1069,1393
2,22,1069,1393
7,12,3075,3113
7,0,3118,3163
2,4,1497,2006
2,0,1547,1568
3,16,50,927
3,8,128,195
3,0,91,95
3,0,117,121
3,0,156,168
3,0,177,189
3,9,128,195
3,22,128,195
2,12,1557,1567
2,0,1578,1600
2,0,1610,1988
2,24,1610,1988
2,0,1992,2002
2,22,1497,2006
7,12,3128,3162
7,0,3167,3199
2,4,2011,2378
2,0,2059,2082
2,0,2092,2374
2,24,2092,2374
2,5,2011,2378
2,22,2011,2378
7,12,3167,3198
7,0,3233,3259
7,4,4316,4497
7,0,4357,4384
7,6,4608,4869
7,0,4653,4672
7,0,4676,4694
7,0,4698,4735
7,0,4739,4758
7,0,4762,4807
7,0,4811,4847
7,0,4851,4865
7,22,4608,4869
7,12,4371,4383
7,0,4388,4412
7,0,4416,4433
7,0,4437,4480
7,0,4484,4493
7,22,4316,4497
7,12,3241,3258
7,0,3263,3307
7,0,3313,3323
7,22,2504,3327
7,12,2717,2729
7,3,2688,2730
7,0,2645,2648
7,3,2621,2735
7,0,2621,2735
7,24,1,115
7,0,2752,2757
7,0,2743,3069
7,1,2743,3069
7,0,2782,2798
7,0,2803,3064
7,1,2803,3064
7,0,2842,2859
7,0,2877,3058
7,24,2877,3058
7,3,2803,3064
7,0,2767,2770
7,3,2743,3069
7,0,2743,3069
7,1,2743,3069
7,0,2782,2798
7,0,2803,3064
7,1,2803,3064
7,0,2842,2859
7,0,2877,3058
7,24,2877,3058
7,3,2803,3064
7,0,2767,2770
7,3,2743,3069
7,0,2743,3069
7,1,2743,3069
7,0,2782,2798
7,0,2803,3064
7,1,2803,3064
7,0,2842,2859
7,0,2877,3058
7,24,2877,3058
7,3,2803,3064
7,0,2767,2770
7,3,2743,3069
7,0,2743,3069
7,1,2743,3069
7,0,2782,2798
7,0,2803,3064
7,1,2803,3064
7,0,2842,2859
7,0,2877,3058
7,24,2877,3058
7,3,2803,3064
7,0,2767,2770
7,3,2743,3069
7,0,2743,3069
7,24,1,327
7,0,3075,3114
2,4,1069,1393
2,0,1129,1151
2,0,1161,1389
2,24,1161,1389
2,5,1069,1393
2,22,1069,1393
7,12,3075,3113
7,0,3118,3163
2,4,1497,2006
2,0,1547,1568
3,16,50,927
3,8,128,195
3,0,91,95
3,0,117,121
3,0,156,168
3,0,177,189
3,9,128,195
3,22,128,195
2,12,1557,1567
2,0,1578,1600
2,0,1610,1988
2,24,1610,1988
2,0,1992,2002
2,22,1497,2006
7,12,3128,3162
7,0,3167,3199
2,4,2011,2378
2,0,2059,2082
2,0,2092,2374
2,24,2092,2374
2,5,2011,2378
2,22,2011,2378
7,12,3167,3198
7,0,3233,3259
7,4,4316,4497
7,0,4357,4384
7,6,4608,4869
7,0,4653,4672
7,0,4676,4694
7,0,4698,4735
7,0,4739,4758
7,0,4762,4807
7,0,4811,4847
7,0,4851,4865
7,22,4608,4869
7,12,4371,4383
7,0,4388,4412
7,0,4416,4433
7,0,4437,4480
7,0,4484,4493
7,22,4316,4497
7,12,3241,3258
7,0,3263,3307
7,0,3313,3323
7,22,2504,3327
1,12,1505,1519
1,0,1427,1430
1,3,1399,1525
1,0,1399,1525
1,24,1,127
1,0,1531,1560
7,4,3464,4183
7,0,3499,3525
7,0,3538,3543
7,0,3529,3646
7,1,3529,3646
7,0,3568,3591
7,0,3596,3641
7,1,3596,3641
7,0,3616,3641
7,4,3464,4183
7,0,3499,3525
7,0,3538,3543
7,0,3529,3646
7,1,3529,3646
7,0,3568,3591
7,0,3596,3641
7,0,3553,3556
7,3,3529,3646
7,0,3529,3646
7,1,3529,3646
7,0,3568,3591
7,0,3596,3641
7,0,3553,3556
7,3,3529,3646
7,0,3529,3646
7,1,3529,3646
7,0,3568,3591
7,0,3596,3641
7,0,3553,3556
7,3,3529,3646
7,0,3529,3646
7,1,3529,3646
7,0,3568,3591
7,0,3596,3641
7,0,3553,3556
7,3,3529,3646
7,0,3529,3646
7,24,1,118
7,0,3652,3678
6,10,77,193
6,11,77,193
6,22,77,193
6,16,77,193
6,8,77,193
6,0,117,130
6,0,148,157
6,0,175,189
6,9,77,193
6,22,77,193
7,12,3664,3677
7,0,3691,3696
7,0,3682,3894
7,1,3682,3894
7,0,3721,3889
7,0,3706,3709
7,3,3682,3894
7,0,3682,3894
7,1,3682,3894
7,0,3721,3889
7,0,3706,3709
7,3,3682,3894
7,0,3682,3894
7,1,3682,3894
7,0,3721,3889
7,0,3706,3709
7,3,3682,3894
7,0,3682,3894
7,1,3682,3894
7,0,3721,3889
7,0,3706,3709
7,3,3682,3894
7,0,3682,3894
7,24,1,213
7,0,3906,3930
7,0,3940,4164
7,24,3940,4164
7,0,4170,4179
7,22,3464,4183
7,12,3626,3640
7,3,3596,3641
7,0,3553,3556
7,3,3529,3646
7,0,3529,3646
7,1,3529,3646
7,0,3568,3591
7,0,3596,3641
7,1,3596,3641
7,0,3616,3641
7,4,3464,4183
7,0,3499,3525
7,0,3538,3543
7,0,3529,3646
7,1,3529,3646
7,0,3568,3591
7,0,3596,3641
7,0,3553,3556
7,3,3529,3646
7,0,3529,3646
7,1,3529,3646
7,0,3568,3591
7,0,3596,3641
7,0,3553,3556
7,3,3529,3646
7,0,3529,3646
7,1,3529,3646
7,0,3568,3591
7,0,3596,3641
7,0,3553,3556
7,3,3529,3646
7,0,3529,3646
7,1,3529,3646
7,0,3568,3591
7,0,3596,3641
7,0,3553,3556
7,3,3529,3646
7,0,3529,3646
7,24,1,118
7,0,3652,3678
6,16,77,193
6,8,77,193
6,0,117,130
6,0,148,157
6,0,175,189
6,9,77,193
6,22,77,193
7,12,3664,3677
7,0,3691,3696
7,0,3682,3894
7,1,3682,3894
7,0,3721,3889
7,0,3706,3709
7,3,3682,3894
7,0,3682,3894
7,1,3682,3894
7,0,3721,3889
7,0,3706,3709
7,3,3682,3894
7,0,3682,3894
7,1,3682,3894
7,0,3721,3889
7,0,3706,3709
7,3,3682,3894
7,0,3682,3894
7,1,3682,3894
7,0,3721,3889
7,0,3706,3709
7,3,3682,3894
7,0,3682,3894
7,24,1,213
7,0,3906,3930
7,0,3940,4164
7,24,3940,4164
7,0,4170,4179
7,22,3464,4183
7,12,3626,3640
7,3,3596,3641
7,0,3553,3556
7,3,3529,3646
7,0,3529,3646
7,1,3529,3646
7,0,3568,3591
7,0,3596,3641
7,1,3596,3641
7,0,3616,3641
7,4,3464,4183
7,0,3499,3525
7,0,3538,3543
7,0,3529,3646
7,1,3529,3646
7,0,3568,3591
7,0,3596,3641
7,0,3553,3556
7,3,3529,3646
7,0,3529,3646
7,1,3529,3646
7,0,3568,3591
7,0,3596,3641
7,0,3553,3556
7,3,3529,3646
7,0,3529,3646
7,1,3529,3646
7,0,3568,3591
7,0,3596,3641
7,0,3553,3556
7,3,3529,3646
7,0,3529,3646
7,1,3529,3646
7,0,3568,3591
7,0,3596,3641
7,0,3553,3556
7,3,3529,3646
7,0,3529,3646
7,24,1,118
7,0,3652,3678
6,16,77,193
6,8,77,193
6,0,117,130
6,0,148,157
6,0,175,189
6,9,77,193
6,22,77,193
7,12,3664,3677
7,0,3691,3696
7,0,3682,3894
7,1,3682,3894
7,0,3721,3889
7,0,3706,3709
7,3,3682,3894
7,0,3682,3894
7,1,3682,3894
7,0,3721,3889
7,0,3706,3709
7,3,3682,3894
7,0,3682,3894
7,1,3682,3894
7,0,3721,3889
7,0,3706,3709
7,3,3682,3894
7,0,3682,3894
7,1,3682,3894
7,0,3721,3889
7,0,3706,3709
7,3,3682,3894
7,0,3682,3894
7,24,1,213
7,0,3906,3930
7,0,3940,4164
7,24,3940,4164
7,0,4170,4179
7,22,3464,4183
7,12,3626,3640
7,3,3596,3641
7,0,3553,3556
7,3,3529,3646
7,0,3529,3646
7,1,3529,3646
7,0,3568,3591
7,0,3596,3641
7,1,3596,3641
7,0,3616,3641
7,4,3464,4183
7,0,3499,3525
7,0,3538,3543
7,0,3529,3646
7,1,3529,3646
7,0,3568,3591
7,0,3596,3641
7,0,3553,3556
7,3,3529,3646
7,0,3529,3646
7,1,3529,3646
7,0,3568,3591
7,0,3596,3641
7,0,3553,3556
7,3,3529,3646
7,0,3529,3646
7,1,3529,3646
7,0,3568,3591
7,0,3596,3641
7,0,3553,3556
7,3,3529,3646
7,0,3529,3646
7,1,3529,3646
7,0,3568,3591
7,0,3596,3641
7,0,3553,3556
7,3,3529,3646
7,0,3529,3646
7,24,1,118
7,0,3652,3678
6,16,77,193
6,8,77,193
6,0,117,130
6,0,148,157
6,0,175,189
6,9,77,193
6,22,77,193
7,12,3664,3677
7,0,3691,3696
7,0,3682,3894
7,1,3682,3894
7,0,3721,3889
7,0,3706,3709
7,3,3682,3894
7,0,3682,3894
7,1,3682,3894
7,0,3721,3889
7,0,3706,3709
7,3,3682,3894
7,0,3682,3894
7,1,3682,3894
7,0,3721,3889
7,0,3706,3709
7,3,3682,3894
7,0,3682,3894
7,1,3682,3894
7,0,3721,3889
7,0,3706,3709
7,3,3682,3894
7,0,3682,3894
7,24,1,213
7,0,3906,3930
7,0,3940,4164
7,24,3940,4164
7,0,4170,4179
7,22,3464,4183
7,12,3626,3640
7,3,3596,3641
7,0,3553,3556
7,3,3529,3646
7,0,3529,3646
7,24,1,118
7,0,3652,3678
6,16,77,193
6,8,77,193
6,0,117,130
6,0,148,157
6,0,175,189
6,9,77,193
6,22,77,193
7,12,3664,3677
7,0,3691,3696
7,0,3682,3894
7,1,3682,3894
7,0,3721,3889
7,1,3721,3889
7,0,3754,3797
7,0,3803,3844
7,0,3850,3883
7,3,3721,3889
7,0,3706,3709
7,3,3682,3894
7,0,3682,3894
7,1,3682,3894
7,0,3721,3889
7,1,3721,3889
7,0,3754,3797
7,0,3803,3844
7,0,3850,3883
7,3,3721,3889
7,0,3706,3709
7,3,3682,3894
7,0,3682,3894
7,1,3682,3894
7,0,3721,3889
7,1,3721,3889
7,0,3754,3797
7,0,3803,3844
7,0,3850,3883
7,3,3721,3889
7,0,3706,3709
7,3,3682,3894
7,0,3682,3894
7,1,3682,3894
7,0,3721,3889
7,1,3721,3889
7,0,3754,3797
7,0,3803,3844
7,0,3850,3883
7,3,3721,3889
7,0,3706,3709
7,3,3682,3894
7,0,3682,3894
7,24,1,213
7,0,3906,3930
7,0,3940,4164
7,24,3940,4164
7,0,4170,4179
7,22,3464,4183
1,12,1543,1559
1,0,1566,1597
1,13,1577,1596
1,0,1605,1871
1,0,1875,2168
1,0,2180,2220
1,0,2230,2269
1,0,2279,2314
1,0,2324,2351
1,12,2324,2350
1,7,1058,2355
1,22,1058,2355
