1,10,114,4214
1,0,222,231
1,0,330,340
1,0,419,436
1,0,508,528
1,0,555,569
1,0,595,606
1,11,114,4214
1,22,114,4214
1,6,612,2083
1,0,658,677
1,6,2852,3700
1,0,2907,2917
1,0,2921,2932
1,0,2938,3665
1,13,2948,2959
1,2,2944,2986
1,12,2963,2986
1,1,2938,3665
1,0,2997,3013
1,0,3068,3660
1,12,3071,3087
1,1,3068,3660
1,0,3100,3258
1,13,3107,3118
1,1,3100,3258
1,0,3133,3164
1,12,3141,3163
1,3,3100,3258
1,3,3068,3660
1,3,2938,3665
1,0,2938,3665
1,13,2948,2959
1,2,2944,2986
1,12,2963,2986
1,1,2938,3665
1,0,2997,3013
1,0,3068,3660
1,12,3071,3087
1,1,3068,3660
1,0,3274,3660
1,12,3277,3293
1,1,3274,3660
1,0,3306,3465
1,13,3313,3324
1,1,3306,3465
1,0,3339,3371
1,12,3348,3370
1,3,3306,3465
1,3,3274,3660
1,3,3068,3660
1,3,2938,3665
1,0,2938,3665
1,13,2948,2959
1,24,2938,3665
1,0,3669,3696
1,7,2852,3700
1,22,2852,3700
1,12,658,676
1,0,683,739
1,0,745,778
1,13,758,777
1,0,782,807
3,10,183,5895
3,11,183,5895
3,22,183,5895
3,16,183,5895
3,8,607,821
3,0,225,229
3,0,247,252
3,0,313,317
3,0,400,407
3,0,504,514
3,0,629,653
6,10,257,5049
6,0,367,375
6,11,257,5049
6,22,257,5049
6,16,257,5049
6,8,554,661
6,0,456,460
6,0,581,605
6,0,617,622
6,0,609,657
6,1,609,657
6,0,643,657
6,0,634,637
6,3,609,657
6,0,609,657
6,1,609,657
6,0,643,657
6,0,634,637
6,3,609,657
6,0,609,657
6,1,609,657
6,0,643,657
6,0,634,637
6,3,609,657
6,0,609,657
6,24,1,49
6,9,554,661
6,22,554,661
3,12,636,652
3,0,657,677
3,0,681,693
3,0,697,712
3,0,716,734
3,0,740,763
6,4,1408,1469
6,0,1453,1465
6,5,1408,1469
6,22,1408,1469
3,12,740,762
3,0,767,790
6,4,1408,1469
6,0,1453,1465
6,5,1408,1469
6,22,1408,1469
3,12,767,789
3,0,794,817
6,4,1408,1469
6,0,1453,1465
6,5,1408,1469
6,22,1408,1469
3,12,794,816
3,9,607,821
3,22,607,821
1,12,795,806
1,0,811,838
3,4,1283,3263
3,0,1328,1362
6,16,257,5049
6,8,554,661
6,0,456,460
6,0,581,605
6,0,617,622
6,0,609,657
6,1,609,657
6,0,643,657
6,0,634,637
6,3,609,657
6,0,609,657
6,1,609,657
6,0,643,657
6,0,634,637
6,3,609,657
6,0,609,657
6,1,609,657
6,0,643,657
6,0,634,637
6,3,609,657
6,0,609,657
6,24,1,49
6,9,554,661
6,22,554,661
3,12,1345,1361
3,0,1366,1400
6,16,257,5049
6,8,554,661
6,0,456,460
6,0,581,605
6,0,617,622
6,0,609,657
6,1,609,657
6,0,643,657
6,0,634,637
6,3,609,657
6,0,609,657
6,1,609,657
6,0,643,657
6,0,634,637
6,3,609,657
6,0,609,657
6,1,609,657
6,0,643,657
6,0,634,637
6,3,609,657
6,0,609,657
6,24,1,49
6,9,554,661
6,22,554,661
3,12,1383,1399
3,0,1406,1429
2,10,94,5102
2,11,94,5102
2,22,94,5102
2,16,94,5102
7,10,107,1491
7,0,305,322
7,0,384,394
7,11,107,1491
7,22,107,1491
7,16,107,1491
7,8,439,502
7,0,186,190
7,0,248,251
7,0,460,471
7,0,475,498
6,16,257,5049
6,8,554,661
6,0,456,460
6,0,581,605
6,0,617,622
6,0,609,657
6,1,609,657
6,0,643,657
6,0,634,637
6,3,609,657
6,0,609,657
6,1,609,657
6,0,643,657
6,0,634,637
6,3,609,657
6,0,609,657
6,1,609,657
6,0,643,657
6,0,634,637
6,3,609,657
6,0,609,657
6,24,1,49
6,9,554,661
6,22,554,661
7,12,481,497
7,9,439,502
7,22,439,502
2,8,310,498
2,0,142,145
2,0,167,170
2,0,192,198
2,0,216,219
2,0,238,242
2,0,259,267
2,0,340,368
6,16,257,5049
6,8,554,661
6,0,456,460
6,0,581,605
6,0,617,622
6,0,609,657
6,1,609,657
6,0,643,657
6,0,634,637
6,3,609,657
6,0,609,657
6,1,609,657
6,0,643,657
6,0,634,637
6,3,609,657
6,0,609,657
6,1,609,657
6,0,643,657
6,0,634,637
6,3,609,657
6,0,609,657
6,24,1,49
6,9,554,661
6,22,554,661
2,12,351,367
2,0,372,400
6,16,257,5049
6,8,554,661
6,0,456,460
6,0,581,605
6,0,617,622
6,0,609,657
6,1,609,657
6,0,643,657
6,0,634,637
6,3,609,657
6,0,609,657
6,1,609,657
6,0,643,657
6,0,634,637
6,3,609,657
6,0,609,657
6,1,609,657
6,0,643,657
6,0,634,637
6,3,609,657
6,0,609,657
6,24,1,49
6,9,554,661
6,22,554,661
2,12,383,399
2,0,404,435
6,16,257,5049
6,8,554,661
6,0,456,460
6,0,581,605
6,0,617,622
6,0,609,657
6,1,609,657
6,0,643,657
6,0,634,637
6,3,609,657
6,0,609,657
6,1,609,657
6,0,643,657
6,0,634,637
6,3,609,657
6,0,609,657
6,1,609,657
6,0,643,657
6,0,634,637
6,3,609,657
6,0,609,657
6,24,1,49
6,9,554,661
6,22,554,661
2,12,418,434
2,0,439,454
2,0,458,474
2,0,478,494
2,9,310,498
2,22,310,498
3,12,1418,1428
3,0,1433,1450
3,0,1456,1489
3,0,1493,1527
3,12,1506,1526
3,0,1531,1551
3,0,1565,1570
3,0,1557,2712
3,1,1557,2712
3,0,1597,1617
2,16,94,5102
7,16,107,1491
7,8,439,502
7,0,186,190
7,0,248,251
7,0,460,471
7,0,475,498
6,16,257,5049
6,8,554,661
6,0,456,460
6,0,581,605
6,0,617,622
6,0,609,657
6,1,609,657
6,0,643,657
6,0,634,637
6,3,609,657
6,0,609,657
6,1,609,657
6,0,643,657
6,0,634,637
6,3,609,657
6,0,609,657
6,1,609,657
6,0,643,657
6,0,634,637
6,3,609,657
6,0,609,657
6,24,1,49
6,9,554,661
6,22,554,661
7,12,481,497
7,9,439,502
7,22,439,502
2,8,310,498
2,0,142,145
2,0,167,170
2,0,192,198
2,0,216,219
2,0,238,242
2,0,259,267
2,0,340,368
6,16,257,5049
6,8,554,661
6,0,456,460
6,0,581,605
6,0,617,622
6,0,609,657
6,1,609,657
6,0,643,657
6,0,634,637
6,3,609,657
6,0,609,657
6,1,609,657
6,0,643,657
6,0,634,637
6,3,609,657
6,0,609,657
6,1,609,657
6,0,643,657
6,0,634,637
6,3,609,657
6,0,609,657
6,24,1,49
6,9,554,661
6,22,554,661
2,12,351,367
2,0,372,400
6,16,257,5049
6,8,554,661
6,0,456,460
6,0,581,605
6,0,617,622
6,0,609,657
6,1,609,657
6,0,643,657
6,0,634,637
6,3,609,657
6,0,609,657
6,1,609,657
6,0,643,657
6,0,634,637
6,3,609,657
6,0,609,657
6,1,609,657
6,0,643,657
6,0,634,637
6,3,609,657
6,0,609,657
6,24,1,49
6,9,554,661
6,22,554,661
2,12,383,399
2,0,404,435
6,16,257,5049
6,8,554,661
6,0,456,460
6,0,581,605
6,0,617,622
6,0,609,657
6,1,609,657
6,0,643,657
6,0,634,637
6,3,609,657
6,0,609,657
6,1,609,657
6,0,643,657
6,0,634,637
6,3,609,657
6,0,609,657
6,1,609,657
6,0,643,657
6,0,634,637
6,3,609,657
6,0,609,657
6,24,1,49
6,9,554,661
6,22,554,661
2,12,418,434
2,0,439,454
2,0,458,474
2,0,478,494
2,9,310,498
2,22,310,498
3,12,1606,1616
3,0,1622,1638
2,4,582,634
2,0,619,628
2,5,582,634
2,22,582,634
3,12,1622,1637
3,0,1643,1652
3,0,1657,1686
3,0,1693,1716
1,6,2233,2396
1,0,2281,2313
1,0,2319,2376
1,12,2346,2374
1,0,2380,2392
1,22,2233,2396
3,12,1700,1715
3,0,1721,1760
1,6,2616,2748
1,0,2682,2729
1,0,2733,2744
1,22,2616,2748
3,12,1733,1759
3,0,1765,1803
3,12,1770,1796
3,0,1808,1839
3,12,1825,1838
3,0,1846,1865
3,0,1878,1883
3,0,1870,2023
3,1,1870,2023
3,0,1922,1945
1,6,2233,2396
1,0,2281,2313
1,0,2319,2376
1,12,2346,2374
1,0,2380,2392
1,22,2233,2396
3,12,1929,1944
3,0,1951,1982
1,6,2616,2748
1,0,2682,2729
1,0,2733,2744
1,22,2616,2748
3,12,1955,1981
3,0,1988,2017
6,4,1408,1469
6,0,1453,1465
6,5,1408,1469
6,22,1408,1469
3,12,1988,2016
3,0,1906,1909
3,3,1870,2023
3,0,1870,2023
3,1,1870,2023
3,0,1922,1945
1,6,2233,2396
1,0,2281,2313
1,0,2319,2376
1,12,2346,2374
1,0,2380,2392
1,22,2233,2396
3,12,1929,1944
3,0,1951,1982
1,6,2616,2748
1,0,2682,2729
1,0,2733,2744
1,22,2616,2748
3,12,1955,1981
3,0,1988,2017
6,4,1408,1469
6,0,1453,1465
6,5,1408,1469
6,22,1408,1469
3,12,1988,2016
3,0,1906,1909
3,3,1870,2023
3,0,1870,2023
3,1,1870,2023
3,0,1922,1945
1,6,2233,2396
1,0,2281,2313
1,0,2319,2376
1,12,2346,2374
1,0,2380,2392
1,22,2233,2396
3,12,1929,1944
3,0,1951,1982
1,6,2616,2748
1,0,2682,2729
1,0,2733,2744
1,22,2616,2748
3,12,1955,1981
3,0,1988,2017
6,4,1408,1469
6,0,1453,1465
6,5,1408,1469
6,22,1408,1469
3,12,1988,2016
3,0,1906,1909
3,3,1870,2023
3,0,1870,2023
3,24,1,154
3,0,2030,2050
6,4,1824,1934
6,0,1874,1879
6,0,1866,1930
6,1,1866,1930
6,0,1900,1930
6,0,1891,1894
6,3,1866,1930
6,0,1866,1930
6,1,1866,1930
6,0,1900,1930
6,0,1891,1894
6,3,1866,1930
6,0,1866,1930
6,1,1866,1930
6,0,1900,1930
6,0,1891,1894
6,3,1866,1930
6,0,1866,1930
6,24,1,65
6,5,1824,1934
6,22,1824,1934
3,12,2030,2049
3,0,2057,2072
3,0,2077,2092
3,1,2097,2286
3,0,2111,2134
1,6,2233,2396
1,0,2281,2313
1,0,2319,2376
1,12,2346,2374
1,0,2380,2392
1,22,2233,2396
3,12,2118,2133
3,0,2140,2169
1,6,2616,2748
1,0,2682,2729
1,0,2733,2744
1,22,2616,2748
3,12,2144,2168
3,0,2175,2198
1,6,2233,2396
1,0,2281,2313
1,0,2319,2376
1,12,2346,2374
1,0,2380,2392
1,22,2233,2396
3,12,2182,2197
3,0,2204,2233
1,6,2616,2748
1,0,2682,2729
1,0,2733,2744
1,22,2616,2748
3,12,2208,2232
3,3,2097,2286
3,0,2097,2286
3,12,2258,2284
3,1,2097,2286
3,0,2111,2134
1,6,2233,2396
1,0,2281,2313
1,0,2319,2376
1,12,2346,2374
1,0,2380,2392
1,22,2233,2396
3,12,2118,2133
3,0,2140,2169
1,6,2616,2748
1,0,2682,2729
1,0,2733,2744
1,22,2616,2748
3,12,2144,2168
3,0,2175,2198
1,6,2233,2396
1,0,2281,2313
1,0,2319,2376
1,12,2346,2374
1,0,2380,2392
1,22,2233,2396
3,12,2182,2197
3,0,2204,2233
1,6,2616,2748
1,0,2682,2729
1,0,2733,2744
1,22,2616,2748
3,12,2208,2232
3,3,2097,2286
3,0,2097,2286
3,12,2258,2284
3,1,2097,2286
3,0,2111,2134
1,6,2233,2396
1,0,2281,2313
1,0,2319,2376
1,12,2346,2374
1,0,2380,2392
1,22,2233,2396
3,12,2118,2133
3,0,2140,2169
1,6,2616,2748
1,0,2682,2729
1,0,2733,2744
1,22,2616,2748
3,12,2144,2168
3,0,2175,2198
1,6,2233,2396
1,0,2281,2313
1,0,2319,2376
1,12,2346,2374
1,0,2380,2392
1,22,2233,2396
3,12,2182,2197
3,0,2204,2233
1,6,2616,2748
1,0,2682,2729
1,0,2733,2744
1,22,2616,2748
3,12,2208,2232
3,3,2097,2286
3,0,2097,2286
3,12,2258,2284
3,24,2097,2286
3,0,2293,2353
3,12,2304,2318
3,12,2325,2352
3,0,2360,2381
3,0,2386,2403
3,1,2408,2613
3,0,2430,2435
3,0,2422,2558
3,1,2422,2558
3,0,2476,2499
1,6,2233,2396
1,0,2281,2313
1,0,2319,2376
1,12,2346,2374
1,0,2380,2392
1,22,2233,2396
3,12,2483,2498
3,0,2506,2551
1,6,2616,2748
1,0,2682,2729
1,0,2733,2744
1,22,2616,2748
3,12,2524,2549
6,4,1408,1469
6,0,1453,1465
6,5,1408,1469
6,22,1408,1469
3,12,2506,2550
3,0,2458,2461
3,3,2422,2558
3,0,2422,2558
3,1,2422,2558
3,0,2476,2499
1,6,2233,2396
1,0,2281,2313
1,0,2319,2376
1,12,2346,2374
1,0,2380,2392
1,22,2233,2396
3,12,2483,2498
3,0,2506,2551
1,6,2616,2748
1,0,2682,2729
1,0,2733,2744
1,22,2616,2748
3,12,2524,2549
6,4,1408,1469
6,0,1453,1465
6,5,1408,1469
6,22,1408,1469
3,12,2506,2550
3,0,2458,2461
3,3,2422,2558
3,0,2422,2558
3,1,2422,2558
3,0,2476,2499
1,6,2233,2396
1,0,2281,2313
1,0,2319,2376
1,12,2346,2374
1,0,2380,2392
1,22,2233,2396
3,12,2483,2498
3,0,2506,2551
1,6,2616,2748
1,0,2682,2729
1,0,2733,2744
1,22,2616,2748
3,12,2524,2549
6,4,1408,1469
6,0,1453,1465
6,5,1408,1469
6,22,1408,1469
3,12,2506,2550
3,0,2458,2461
3,3,2422,2558
3,0,2422,2558
3,24,1,137
3,0,2564,2589
6,4,3296,3423
6,0,3330,3345
6,0,3357,3362
6,0,3349,3406
6,1,3349,3406
6,0,3383,3406
6,0,3374,3377
6,3,3349,3406
6,0,3349,3406
6,1,3349,3406
6,0,3383,3406
6,0,3374,3377
6,3,3349,3406
6,0,3349,3406
6,1,3349,3406
6,0,3383,3406
6,0,3374,3377
6,3,3349,3406
6,0,3349,3406
6,24,1,58
6,0,3410,3419
6,22,3296,3423
3,12,2570,2588
3,3,2408,2613
3,0,2408,2613
3,24,2408,2613
3,0,2618,2653
3,12,2638,2652
3,0,2658,2682
6,4,2628,2729
6,0,2677,2682
6,0,2669,2725
6,1,2669,2725
6,0,2703,2725
6,0,2694,2697
6,3,2669,2725
6,0,2669,2725
6,1,2669,2725
6,0,2703,2725
6,0,2694,2697
6,3,2669,2725
6,0,2669,2725
6,1,2669,2725
6,0,2703,2725
6,0,2694,2697
6,3,2669,2725
6,0,2669,2725
6,24,1,57
6,5,2628,2729
6,22,2628,2729
3,12,2658,2681
3,0,2687,2707
6,4,1824,1934
6,0,1874,1879
6,0,1866,1930
6,1,1866,1930
6,0,1900,1930
6,0,1891,1894
6,3,1866,1930
6,0,1866,1930
6,1,1866,1930
6,0,1900,1930
6,0,1891,1894
6,3,1866,1930
6,0,1866,1930
6,1,1866,1930
6,0,1900,1930
6,0,1891,1894
6,3,1866,1930
6,0,1866,1930
6,24,1,65
6,5,1824,1934
6,22,1824,1934
3,12,2687,2706
3,0,1583,1586
3,3,1557,2712
3,0,1557,2712
3,1,1557,2712
3,0,1597,1617
2,16,94,5102
7,16,107,1491
7,8,439,502
7,0,186,190
7,0,248,251
7,0,460,471
7,0,475,498
6,16,257,5049
6,8,554,661
6,0,456,460
6,0,581,605
6,0,617,622
6,0,609,657
6,1,609,657
6,0,643,657
6,0,634,637
6,3,609,657
6,0,609,657
6,1,609,657
6,0,643,657
6,0,634,637
6,3,609,657
6,0,609,657
6,1,609,657
6,0,643,657
6,0,634,637
6,3,609,657
6,0,609,657
6,24,1,49
6,9,554,661
6,22,554,661
7,12,481,497
7,9,439,502
7,22,439,502
2,8,310,498
2,0,142,145
2,0,167,170
2,0,192,198
2,0,216,219
2,0,238,242
2,0,259,267
2,0,340,368
6,16,257,5049
6,8,554,661
6,0,456,460
6,0,581,605
6,0,617,622
6,0,609,657
6,1,609,657
6,0,643,657
6,0,634,637
6,3,609,657
6,0,609,657
6,1,609,657
6,0,643,657
6,0,634,637
6,3,609,657
6,0,609,657
6,1,609,657
6,0,643,657
6,0,634,637
6,3,609,657
6,0,609,657
6,24,1,49
6,9,554,661
6,22,554,661
2,12,351,367
2,0,372,400
6,16,257,5049
6,8,554,661
6,0,456,460
6,0,581,605
6,0,617,622
6,0,609,657
6,1,609,657
6,0,643,657
6,0,634,637
6,3,609,657
6,0,609,657
6,1,609,657
6,0,643,657
6,0,634,637
6,3,609,657
6,0,609,657
6,1,609,657
6,0,643,657
6,0,634,637
6,3,609,657
6,0,609,657
6,24,1,49
6,9,554,661
6,22,554,661
2,12,383,399
2,0,404,435
6,16,257,5049
6,8,554,661
6,0,456,460
6,0,581,605
6,0,617,622
6,0,609,657
6,1,609,657
6,0,643,657
6,0,634,637
6,3,609,657
6,0,609,657
6,1,609,657
6,0,643,657
6,0,634,637
6,3,609,657
6,0,609,657
6,1,609,657
6,0,643,657
6,0,634,637
6,3,609,657
6,0,609,657
6,24,1,49
6,9,554,661
6,22,554,661
2,12,418,434
2,0,439,454
2,0,458,474
2,0,478,494
2,9,310,498
2,22,310,498
3,12,1606,1616
3,0,1622,1638
2,4,582,634
2,0,619,628
2,5,582,634
2,22,582,634
3,12,1622,1637
3,0,1643,1652
3,0,1657,1686
3,0,1693,1716
1,6,2233,2396
1,0,2281,2313
1,0,2319,2376
1,12,2346,2374
1,0,2380,2392
1,22,2233,2396
3,12,1700,1715
3,0,1721,1760
1,6,2616,2748
1,0,2682,2729
1,0,2733,2744
1,22,2616,2748
3,12,1733,1759
3,0,1765,1803
3,12,1770,1796
3,0,1808,1839
3,12,1825,1838
3,0,1846,1865
3,0,1878,1883
3,0,1870,2023
3,1,1870,2023
3,0,1922,1945
1,6,2233,2396
1,0,2281,2313
1,0,2319,2376
1,12,2346,2374
1,0,2380,2392
1,22,2233,2396
3,12,1929,1944
3,0,1951,1982
1,6,2616,2748
1,0,2682,2729
1,0,2733,2744
1,22,2616,2748
3,12,1955,1981
3,0,1988,2017
6,4,1408,1469
6,0,1453,1465
6,5,1408,1469
6,22,1408,1469
3,12,1988,2016
3,0,1906,1909
3,3,1870,2023
3,0,1870,2023
3,1,1870,2023
3,0,1922,1945
1,6,2233,2396
1,0,2281,2313
1,0,2319,2376
1,12,2346,2374
1,0,2380,2392
1,22,2233,2396
3,12,1929,1944
3,0,1951,1982
1,6,2616,2748
1,0,2682,2729
1,0,2733,2744
1,22,2616,2748
3,12,1955,1981
3,0,1988,2017
6,4,1408,1469
6,0,1453,1465
6,5,1408,1469
6,22,1408,1469
3,12,1988,2016
3,0,1906,1909
3,3,1870,2023
3,0,1870,2023
3,1,1870,2023
3,0,1922,1945
1,6,2233,2396
1,0,2281,2313
1,0,2319,2376
1,12,2346,2374
1,0,2380,2392
1,22,2233,2396
3,12,1929,1944
3,0,1951,1982
1,6,2616,2748
1,0,2682,2729
1,0,2733,2744
1,22,2616,2748
3,12,1955,1981
3,0,1988,2017
6,4,1408,1469
6,0,1453,1465
6,5,1408,1469
6,22,1408,1469
3,12,1988,2016
3,0,1906,1909
3,3,1870,2023
3,0,1870,2023
3,24,1,154
3,0,2030,2050
6,4,1824,1934
6,0,1874,1879
6,0,1866,1930
6,1,1866,1930
6,0,1900,1930
6,0,1891,1894
6,3,1866,1930
6,0,1866,1930
6,1,1866,1930
6,0,1900,1930
6,0,1891,1894
6,3,1866,1930
6,0,1866,1930
6,1,1866,1930
6,0,1900,1930
6,0,1891,1894
6,3,1866,1930
6,0,1866,1930
6,24,1,65
6,5,1824,1934
6,22,1824,1934
3,12,2030,2049
3,0,2057,2072
3,0,2077,2092
3,1,2097,2286
3,0,2111,2134
1,6,2233,2396
1,0,2281,2313
1,0,2319,2376
1,12,2346,2374
1,0,2380,2392
1,22,2233,2396
3,12,2118,2133
3,0,2140,2169
1,6,2616,2748
1,0,2682,2729
1,0,2733,2744
1,22,2616,2748
3,12,2144,2168
3,0,2175,2198
1,6,2233,2396
1,0,2281,2313
1,0,2319,2376
1,12,2346,2374
1,0,2380,2392
1,22,2233,2396
3,12,2182,2197
3,0,2204,2233
1,6,2616,2748
1,0,2682,2729
1,0,2733,2744
1,22,2616,2748
3,12,2208,2232
3,3,2097,2286
3,0,2097,2286
3,12,2258,2284
3,24,2097,2286
3,0,2293,2353
3,12,2304,2318
3,12,2325,2352
3,0,2360,2381
3,0,2386,2403
3,1,2408,2613
3,0,2430,2435
3,0,2422,2558
3,1,2422,2558
3,0,2476,2499
1,6,2233,2396
1,0,2281,2313
1,0,2319,2376
1,12,2346,2374
1,0,2380,2392
1,22,2233,2396
3,12,2483,2498
3,0,2506,2551
1,6,2616,2748
1,0,2682,2729
1,0,2733,2744
1,22,2616,2748
3,12,2524,2549
6,4,1408,1469
6,0,1453,1465
6,5,1408,1469
6,22,1408,1469
3,12,2506,2550
3,0,2458,2461
3,3,2422,2558
3,0,2422,2558
3,1,2422,2558
3,0,2476,2499
1,6,2233,2396
1,0,2281,2313
1,0,2319,2376
1,12,2346,2374
1,0,2380,2392
1,22,2233,2396
3,12,2483,2498
3,0,2506,2551
1,6,2616,2748
1,0,2682,2729
1,0,2733,2744
1,22,2616,2748
3,12,2524,2549
6,4,1408,1469
6,0,1453,1465
6,5,1408,1469
6,22,1408,1469
3,12,2506,2550
3,0,2458,2461
3,3,2422,2558
3,0,2422,2558
3,1,2422,2558
3,0,2476,2499
1,6,2233,2396
1,0,2281,2313
1,0,2319,2376
1,12,2346,2374
1,0,2380,2392
1,22,2233,2396
3,12,2483,2498
3,0,2506,2551
1,6,2616,2748
1,0,2682,2729
1,0,2733,2744
1,22,2616,2748
3,12,2524,2549
6,4,1408,1469
6,0,1453,1465
6,5,1408,1469
6,22,1408,1469
3,12,2506,2550
3,0,2458,2461
3,3,2422,2558
3,0,2422,2558
3,24,1,137
3,0,2564,2589
6,4,3296,3423
6,0,3330,3345
6,0,3357,3362
6,0,3349,3406
6,1,3349,3406
6,0,3383,3406
6,0,3374,3377
6,3,3349,3406
6,0,3349,3406
6,1,3349,3406
6,0,3383,3406
6,0,3374,3377
6,3,3349,3406
6,0,3349,3406
6,1,3349,3406
6,0,3383,3406
6,0,3374,3377
6,3,3349,3406
6,0,3349,3406
6,24,1,58
6,0,3410,3419
6,22,3296,3423
3,12,2570,2588
3,3,2408,2613
3,0,2408,2613
3,1,2408,2613
3,0,2430,2435
3,0,2422,2558
3,1,2422,2558
3,0,2476,2499
1,6,2233,2396
1,0,2281,2313
1,0,2319,2376
1,12,2346,2374
1,0,2380,2392
1,22,2233,2396
3,12,2483,2498
3,0,2506,2551
1,6,2616,2748
1,0,2682,2729
1,0,2733,2744
1,22,2616,2748
3,12,2524,2549
6,4,1408,1469
6,0,1453,1465
6,5,1408,1469
6,22,1408,1469
3,12,2506,2550
3,0,2458,2461
3,3,2422,2558
3,0,2422,2558
3,1,2422,2558
3,0,2476,2499
1,6,2233,2396
1,0,2281,2313
1,0,2319,2376
1,12,2346,2374
1,0,2380,2392
1,22,2233,2396
3,12,2483,2498
3,0,2506,2551
1,6,2616,2748
1,0,2682,2729
1,0,2733,2744
1,22,2616,2748
3,12,2524,2549
6,4,1408,1469
6,0,1453,1465
6,5,1408,1469
6,22,1408,1469
3,12,2506,2550
3,0,2458,2461
3,3,2422,2558
3,0,2422,2558
3,1,2422,2558
3,0,2476,2499
1,6,2233,2396
1,0,2281,2313
1,0,2319,2376
1,12,2346,2374
1,0,2380,2392
1,22,2233,2396
3,12,2483,2498
3,0,2506,2551
1,6,2616,2748
1,0,2682,2729
1,0,2733,2744
1,22,2616,2748
3,12,2524,2549
6,4,1408,1469
6,0,1453,1465
6,5,1408,1469
6,22,1408,1469
3,12,2506,2550
3,0,2458,2461
3,3,2422,2558
3,0,2422,2558
3,24,1,137
3,0,2564,2589
6,4,3296,3423
6,0,3330,3345
6,0,3357,3362
6,0,3349,3406
6,1,3349,3406
6,0,3383,3406
6,0,3374,3377
6,3,3349,3406
6,0,3349,3406
6,1,3349,3406
6,0,3383,3406
6,0,3374,3377
6,3,3349,3406
6,0,3349,3406
6,1,3349,3406
6,0,3383,3406
6,0,3374,3377
6,3,3349,3406
6,0,3349,3406
6,24,1,58
6,0,3410,3419
6,22,3296,3423
3,12,2570,2588
3,3,2408,2613
3,0,2408,2613
3,24,2408,2613
3,0,2618,2653
3,12,2638,2652
3,0,2658,2682
6,4,2628,2729
6,0,2677,2682
6,0,2669,2725
6,1,2669,2725
6,0,2703,2725
6,0,2694,2697
6,3,2669,2725
6,0,2669,2725
6,1,2669,2725
6,0,2703,2725
6,0,2694,2697
6,3,2669,2725
6,0,2669,2725
6,1,2669,2725
6,0,2703,2725
6,0,2694,2697
6,3,2669,2725
6,0,2669,2725
6,24,1,57
6,5,2628,2729
6,22,2628,2729
3,12,2658,2681
3,0,2687,2707
6,4,1824,1934
6,0,1874,1879
6,0,1866,1930
6,1,1866,1930
6,0,1900,1930
6,0,1891,1894
6,3,1866,1930
6,0,1866,1930
6,1,1866,1930
6,0,1900,1930
6,0,1891,1894
6,3,1866,1930
6,0,1866,1930
6,1,1866,1930
6,0,1900,1930
6,0,1891,1894
6,3,1866,1930
6,0,1866,1930
6,24,1,65
6,5,1824,1934
6,22,1824,1934
3,12,2687,2706
3,0,1583,1586
3,3,1557,2712
3,0,1557,2712
3,24,1,1156
3,0,2741,2760
2,4,582,634
2,0,619,628
2,5,582,634
2,22,582,634
3,12,2741,2759
3,0,2848,2873
2,4,727,776
2,0,758,770
2,22,727,776
3,12,2858,2872
3,0,2881,2910
6,4,3099,3198
6,0,3146,3151
6,0,3138,3194
6,1,3138,3194
6,0,3172,3194
6,0,3163,3166
6,3,3138,3194
6,0,3138,3194
6,1,3138,3194
6,0,3172,3194
6,0,3163,3166
6,3,3138,3194
6,0,3138,3194
6,1,3138,3194
6,0,3172,3194
6,0,3163,3166
6,3,3138,3194
6,0,3138,3194
6,24,1,57
6,5,3099,3198
6,22,3099,3198
3,12,2881,2909
3,0,2914,2943
6,4,3099,3198
6,0,3146,3151
6,0,3138,3194
6,1,3138,3194
6,0,3172,3194
6,0,3163,3166
6,3,3138,3194
6,0,3138,3194
6,1,3138,3194
6,0,3172,3194
6,0,3163,3166
6,3,3138,3194
6,0,3138,3194
6,1,3138,3194
6,0,3172,3194
6,0,3163,3166
6,3,3138,3194
6,0,3138,3194
6,24,1,57
6,5,3099,3198
6,22,3099,3198
3,12,2914,2942
3,0,2949,2961
3,0,2970,2993
3,0,2997,3189
3,1,2997,3189
3,0,3031,3061
6,4,2112,2226
6,0,2166,2171
6,0,2158,2222
6,1,2158,2222
6,0,2192,2222
6,0,2183,2186
6,3,2158,2222
6,0,2158,2222
6,1,2158,2222
6,0,2192,2222
6,0,2183,2186
6,3,2158,2222
6,0,2158,2222
6,1,2158,2222
6,0,2192,2222
6,0,2183,2186
6,3,2158,2222
6,0,2158,2222
6,24,1,65
6,5,2112,2226
6,22,2112,2226
3,12,3031,3060
3,0,3067,3097
6,4,2112,2226
6,0,2166,2171
6,0,2158,2222
6,1,2158,2222
6,0,2192,2222
6,0,2183,2186
6,3,2158,2222
6,0,2158,2222
6,1,2158,2222
6,0,2192,2222
6,0,2183,2186
6,3,2158,2222
6,0,2158,2222
6,1,2158,2222
6,0,2192,2222
6,0,2183,2186
6,3,2158,2222
6,0,2158,2222
6,24,1,65
6,5,2112,2226
6,22,2112,2226
3,12,3067,3096
3,0,3103,3129
2,4,875,935
2,0,916,929
2,5,875,935
2,22,875,935
3,12,3103,3128
3,0,3135,3150
3,0,3156,3184
2,4,727,776
2,0,758,770
2,22,727,776
3,12,3166,3183
3,3,2997,3189
3,0,2997,3189
3,1,2997,3189
3,0,3031,3061
6,4,2112,2226
6,0,2166,2171
6,0,2158,2222
6,1,2158,2222
6,0,2192,2222
6,0,2183,2186
6,3,2158,2222
6,0,2158,2222
6,1,2158,2222
6,0,2192,2222
6,0,2183,2186
6,3,2158,2222
6,0,2158,2222
6,1,2158,2222
6,0,2192,2222
6,0,2183,2186
6,3,2158,2222
6,0,2158,2222
6,24,1,65
6,5,2112,2226
6,22,2112,2226
3,12,3031,3060
3,0,3067,3097
6,4,2112,2226
6,0,2166,2171
6,0,2158,2222
6,1,2158,2222
6,0,2192,2222
6,0,2183,2186
6,3,2158,2222
6,0,2158,2222
6,1,2158,2222
6,0,2192,2222
6,0,2183,2186
6,3,2158,2222
6,0,2158,2222
6,1,2158,2222
6,0,2192,2222
6,0,2183,2186
6,3,2158,2222
6,0,2158,2222
6,24,1,65
6,5,2112,2226
6,22,2112,2226
3,12,3067,3096
3,0,3103,3129
2,4,875,935
2,0,916,929
2,5,875,935
2,22,875,935
3,12,3103,3128
3,0,3135,3150
3,0,3156,3184
2,4,727,776
2,0,758,770
2,22,727,776
3,12,3166,3183
3,3,2997,3189
3,0,2997,3189
3,24,2997,3189
3,0,3241,3259
3,5,1283,3263
3,22,1283,3263
1,12,811,837
1,0,842,873
1,13,853,872
1,0,877,931
1,0,937,970
1,13,950,969
1,0,974,992
1,0,996,1006
1,0,1010,1116
1,2,1017,1059
1,1,1010,1116
1,0,1071,1092
3,4,3363,3684
3,0,3424,3436
3,0,3442,3458
3,4,3802,4225
3,0,3842,3868
3,0,3873,4200
3,1,3873,4200
3,0,3908,4156
3,1,3908,4156
3,0,3947,3978
2,4,1243,2009
2,0,1296,1331
6,16,257,5049
6,8,554,661
6,0,456,460
6,0,581,605
6,0,617,622
6,0,609,657
6,1,609,657
6,0,643,657
6,0,634,637
6,3,609,657
6,0,609,657
6,1,609,657
6,0,643,657
6,0,634,637
6,3,609,657
6,0,609,657
6,1,609,657
6,0,643,657
6,0,634,637
6,3,609,657
6,0,609,657
6,24,1,49
6,9,554,661
6,22,554,661
2,12,1314,1330
2,0,1337,1363
2,4,2114,2649
2,0,2152,2179
6,4,1224,1277
6,0,1258,1273
6,22,1224,1277
2,12,2166,2178
2,0,2183,2210
6,4,1224,1277
6,0,1258,1273
6,22,1224,1277
2,12,2197,2209
2,0,2214,2241
6,4,1224,1277
6,0,1258,1273
6,22,1224,1277
2,12,2228,2240
2,0,2281,2300
2,0,2306,2360
6,4,1224,1277
6,0,1258,1273
6,22,1224,1277
2,12,2327,2345
2,0,2364,2413
2,2,2369,2391
2,0,2419,2466
6,4,1224,1277
6,0,1258,1273
6,22,1224,1277
2,12,2433,2451
2,0,2470,2519
2,2,2475,2497
2,0,2525,2572
6,4,1224,1277
6,0,1258,1273
6,22,1224,1277
2,12,2539,2557
2,0,2576,2625
2,2,2581,2603
2,0,2631,2645
2,22,2114,2649
2,12,1350,1362
2,0,1367,2005
2,24,1367,2005
2,5,1243,2009
2,22,1243,2009
3,12,3947,3977
3,0,3985,4025
3,4,4337,4909
3,0,4386,4419
6,16,257,5049
6,8,554,661
6,0,456,460
6,0,581,605
6,0,617,622
6,0,609,657
6,1,609,657
6,0,643,657
6,0,634,637
6,3,609,657
6,0,609,657
6,1,609,657
6,0,643,657
6,0,634,637
6,3,609,657
6,0,609,657
6,1,609,657
6,0,643,657
6,0,634,637
6,3,609,657
6,0,609,657
6,24,1,49
6,9,554,661
6,22,554,661
3,12,4402,4418
3,0,4425,4476
6,4,1224,1277
6,0,1258,1273
6,22,1224,1277
3,12,4439,4450
6,4,1224,1277
6,0,1258,1273
6,22,1224,1277
3,12,4453,4466
3,0,4480,4581
3,2,4483,4506
3,1,4480,4581
3,0,4512,4556
3,12,4527,4554
6,4,1408,1469
6,0,1453,1465
6,5,1408,1469
6,22,1408,1469
3,12,4512,4555
3,3,4480,4581
3,0,4587,4631
6,4,1224,1277
6,0,1258,1273
6,22,1224,1277
3,12,4594,4605
6,4,1224,1277
6,0,1258,1273
6,22,1224,1277
3,12,4608,4621
3,0,4635,4736
3,2,4638,4661
3,1,4635,4736
3,0,4667,4711
3,12,4682,4709
6,4,1408,1469
6,0,1453,1465
6,5,1408,1469
6,22,1408,1469
3,12,4667,4710
3,3,4635,4736
3,0,4742,4786
6,4,1224,1277
6,0,1258,1273
6,22,1224,1277
3,12,4749,4760
6,4,1224,1277
6,0,1258,1273
6,22,1224,1277
3,12,4763,4776
3,0,4790,4891
3,2,4793,4816
3,1,4790,4891
3,0,4822,4866
3,12,4837,4864
6,4,1408,1469
6,0,1453,1465
6,5,1408,1469
6,22,1408,1469
3,12,4822,4865
3,3,4790,4891
3,0,4895,4905
3,22,4337,4909
3,12,4003,4024
3,0,4032,4149
3,1,4032,4149
3,0,4057,4072
3,3,4032,4149
3,3,3908,4156
3,0,4162,4194
2,4,1023,1080
2,0,1058,1074
2,22,1023,1080
3,12,4172,4193
3,3,3873,4200
3,0,3873,4200
3,1,3873,4200
3,0,3908,4156
3,1,3908,4156
3,0,3947,3978
2,4,1243,2009
2,0,1296,1331
6,16,257,5049
6,8,554,661
6,0,456,460
6,0,581,605
6,0,617,622
6,0,609,657
6,1,609,657
6,0,643,657
6,0,634,637
6,3,609,657
6,0,609,657
6,1,609,657
6,0,643,657
6,0,634,637
6,3,609,657
6,0,609,657
6,1,609,657
6,0,643,657
6,0,634,637
6,3,609,657
6,0,609,657
6,24,1,49
6,9,554,661
6,22,554,661
2,12,1314,1330
2,0,1337,1363
2,4,2114,2649
2,0,2152,2179
6,4,1224,1277
6,0,1258,1273
6,22,1224,1277
2,12,2166,2178
2,0,2183,2210
6,4,1224,1277
6,0,1258,1273
6,22,1224,1277
2,12,2197,2209
2,0,2214,2241
6,4,1224,1277
6,0,1258,1273
6,22,1224,1277
2,12,2228,2240
2,0,2281,2300
2,0,2306,2360
6,4,1224,1277
6,0,1258,1273
6,22,1224,1277
2,12,2327,2345
2,0,2364,2413
2,2,2369,2391
2,0,2419,2466
6,4,1224,1277
6,0,1258,1273
6,22,1224,1277
2,12,2433,2451
2,0,2470,2519
2,2,2475,2497
2,0,2525,2572
6,4,1224,1277
6,0,1258,1273
6,22,1224,1277
2,12,2539,2557
2,0,2576,2625
2,2,2581,2603
2,0,2631,2645
2,22,2114,2649
2,12,1350,1362
2,0,1367,2005
2,24,1367,2005
2,5,1243,2009
2,22,1243,2009
3,12,3947,3977
3,0,3985,4025
3,4,4337,4909
3,0,4386,4419
6,16,257,5049
6,8,554,661
6,0,456,460
6,0,581,605
6,0,617,622
6,0,609,657
6,1,609,657
6,0,643,657
6,0,634,637
6,3,609,657
6,0,609,657
6,1,609,657
6,0,643,657
6,0,634,637
6,3,609,657
6,0,609,657
6,1,609,657
6,0,643,657
6,0,634,637
6,3,609,657
6,0,609,657
6,24,1,49
6,9,554,661
6,22,554,661
3,12,4402,4418
3,0,4425,4476
6,4,1224,1277
6,0,1258,1273
6,22,1224,1277
3,12,4439,4450
6,4,1224,1277
6,0,1258,1273
6,22,1224,1277
3,12,4453,4466
3,0,4480,4581
3,2,4483,4506
3,1,4480,4581
3,0,4512,4556
3,12,4527,4554
6,4,1408,1469
6,0,1453,1465
6,5,1408,1469
6,22,1408,1469
3,12,4512,4555
3,3,4480,4581
3,0,4587,4631
6,4,1224,1277
6,0,1258,1273
6,22,1224,1277
3,12,4594,4605
6,4,1224,1277
6,0,1258,1273
6,22,1224,1277
3,12,4608,4621
3,0,4635,4736
3,2,4638,4661
3,1,4635,4736
3,0,4667,4711
3,12,4682,4709
6,4,1408,1469
6,0,1453,1465
6,5,1408,1469
6,22,1408,1469
3,12,4667,4710
3,3,4635,4736
3,0,4742,4786
6,4,1224,1277
6,0,1258,1273
6,22,1224,1277
3,12,4749,4760
6,4,1224,1277
6,0,1258,1273
6,22,1224,1277
3,12,4763,4776
3,0,4790,4891
3,2,4793,4816
3,1,4790,4891
3,0,4822,4866
3,12,4837,4864
6,4,1408,1469
6,0,1453,1465
6,5,1408,1469
6,22,1408,1469
3,12,4822,4865
3,3,4790,4891
3,0,4895,4905
3,22,4337,4909
3,12,4003,4024
3,0,4032,4149
3,1,4032,4149
3,0,4091,4149
2,4,2954,3402
2,0,3055,3080
4,10,117,2435
4,0,188,196
4,11,117,2435
4,22,117,2435
4,16,117,2435
7,16,107,1491
7,8,439,502
7,0,186,190
7,0,248,251
7,0,460,471
7,0,475,498
6,16,257,5049
6,8,554,661
6,0,456,460
6,0,581,605
6,0,617,622
6,0,609,657
6,1,609,657
6,0,643,657
6,0,634,637
6,3,609,657
6,0,609,657
6,1,609,657
6,0,643,657
6,0,634,637
6,3,609,657
6,0,609,657
6,1,609,657
6,0,643,657
6,0,634,637
6,3,609,657
6,0,609,657
6,24,1,49
6,9,554,661
6,22,554,661
7,12,481,497
7,9,439,502
7,22,439,502
4,8,361,438
4,0,336,340
4,0,351,355
4,0,391,418
4,0,422,434
4,9,361,438
4,22,361,438
2,12,3069,3079
2,0,3084,3111
2,4,3698,4311
2,0,3744,3777
6,16,257,5049
6,8,554,661
6,0,456,460
6,0,581,605
6,0,617,622
6,0,609,657
6,1,609,657
6,0,643,657
6,0,634,637
6,3,609,657
6,0,609,657
6,1,609,657
6,0,643,657
6,0,634,637
6,3,609,657
6,0,609,657
6,1,609,657
6,0,643,657
6,0,634,637
6,3,609,657
6,0,609,657
6,24,1,49
6,9,554,661
6,22,554,661
2,12,3760,3776
2,0,3783,3845
6,4,1224,1277
6,0,1258,1273
6,22,1224,1277
2,12,3797,3809
6,4,1224,1277
6,0,1258,1273
6,22,1224,1277
2,12,3812,3830
2,0,3849,3888
2,12,3864,3886
6,4,1408,1469
6,0,1453,1465
6,5,1408,1469
6,22,1408,1469
2,12,3849,3887
2,0,3894,3949
6,4,1224,1277
6,0,1258,1273
6,22,1224,1277
2,12,3901,3913
6,4,1224,1277
6,0,1258,1273
6,22,1224,1277
2,12,3916,3934
2,0,3953,3992
2,12,3968,3990
6,4,1408,1469
6,0,1453,1465
6,5,1408,1469
6,22,1408,1469
2,12,3953,3991
2,0,3998,4053
6,4,1224,1277
6,0,1258,1273
6,22,1224,1277
2,12,4005,4017
6,4,1224,1277
6,0,1258,1273
6,22,1224,1277
2,12,4020,4038
2,0,4057,4096
2,12,4072,4094
6,4,1408,1469
6,0,1453,1465
6,5,1408,1469
6,22,1408,1469
2,12,4057,4095
2,0,4102,4112
2,0,4124,4129
2,0,4116,4294
2,1,4116,4294
2,0,4166,4289
6,4,1224,1277
6,0,1258,1273
6,22,1224,1277
2,12,4175,4186
2,1,4166,4289
2,0,4263,4289
2,3,4166,4289
2,0,4152,4155
2,3,4116,4294
2,0,4116,4294
2,1,4116,4294
2,0,4166,4289
6,4,1224,1277
6,0,1258,1273
6,22,1224,1277
2,12,4175,4186
2,1,4166,4289
2,0,4263,4289
2,3,4166,4289
2,0,4152,4155
2,3,4116,4294
2,0,4116,4294
2,1,4116,4294
2,0,4166,4289
6,4,1224,1277
6,0,1258,1273
6,22,1224,1277
2,12,4175,4186
2,1,4166,4289
2,0,4263,4289
2,3,4166,4289
2,0,4152,4155
2,3,4116,4294
2,0,4116,4294
2,24,1,179
2,0,4298,4307
2,22,3698,4311
2,12,3093,3110
2,0,3155,3178
2,0,3210,3241
7,6,676,884
7,0,735,745
7,0,757,762
7,0,749,867
7,1,749,867
7,0,799,862
6,4,1224,1277
6,0,1258,1273
6,22,1224,1277
7,12,808,819
7,0,785,788
7,3,749,867
7,0,749,867
7,1,749,867
7,0,799,862
6,4,1224,1277
6,0,1258,1273
6,22,1224,1277
7,12,808,819
7,0,785,788
7,3,749,867
7,0,749,867
7,1,749,867
7,0,799,862
6,4,1224,1277
6,0,1258,1273
6,22,1224,1277
7,12,808,819
7,0,785,788
7,3,749,867
7,0,749,867
7,24,1,119
7,0,871,880
7,22,676,884
2,12,3215,3240
2,0,3245,3271
2,0,3275,3380
2,1,3275,3380
2,0,3360,3380
2,3,3275,3380
2,0,3384,3398
2,22,2954,3402
3,12,4098,4148
3,3,4032,4149
3,3,3908,4156
3,0,4162,4194
2,4,1023,1080
2,0,1058,1074
2,22,1023,1080
3,12,4172,4193
3,3,3873,4200
3,0,3873,4200
3,24,3873,4200
3,0,4205,4221
4,4,1102,1526
4,0,1143,1159
4,0,1163,1200
6,16,257,5049
6,8,554,661
6,0,456,460
6,0,581,605
6,0,617,622
6,0,609,657
6,1,609,657
6,0,643,657
6,0,634,637
6,3,609,657
6,0,609,657
6,1,609,657
6,0,643,657
6,0,634,637
6,3,609,657
6,0,609,657
6,1,609,657
6,0,643,657
6,0,634,637
6,3,609,657
6,0,609,657
6,24,1,49
6,9,554,661
6,22,554,661
4,12,1183,1199
4,0,1204,1239
6,16,257,5049
6,8,554,661
6,0,456,460
6,0,581,605
6,0,617,622
6,0,609,657
6,1,609,657
6,0,643,657
6,0,634,637
6,3,609,657
6,0,609,657
6,1,609,657
6,0,643,657
6,0,634,637
6,3,609,657
6,0,609,657
6,1,609,657
6,0,643,657
6,0,634,637
6,3,609,657
6,0,609,657
6,24,1,49
6,9,554,661
6,22,554,661
4,12,1222,1238
4,0,1251,1256
4,0,1243,1451
4,1,1243,1451
4,0,1282,1304
4,0,1309,1446
4,1,1309,1446
4,0,1334,1359
2,4,3505,3562
2,0,3546,3558
2,22,3505,3562
4,12,1346,1358
4,0,1365,1378
4,0,1384,1412
6,4,2877,2994
6,0,2940,2945
6,0,2932,2990
6,1,2932,2990
6,0,2966,2990
6,0,2957,2960
6,3,2932,2990
6,0,2932,2990
6,1,2932,2990
6,0,2966,2990
6,0,2957,2960
6,3,2932,2990
6,0,2932,2990
6,1,2932,2990
6,0,2966,2990
6,0,2957,2960
6,3,2932,2990
6,0,2932,2990
6,24,1,59
6,5,2877,2994
6,22,2877,2994
4,12,1384,1411
4,0,1418,1440
6,4,1824,1934
6,0,1874,1879
6,0,1866,1930
6,1,1866,1930
6,0,1900,1930
6,0,1891,1894
6,3,1866,1930
6,0,1866,1930
6,1,1866,1930
6,0,1900,1930
6,0,1891,1894
6,3,1866,1930
6,0,1866,1930
6,1,1866,1930
6,0,1900,1930
6,0,1891,1894
6,3,1866,1930
6,0,1866,1930
6,24,1,65
6,5,1824,1934
6,22,1824,1934
4,12,1418,1439
4,3,1309,1446
4,0,1268,1271
4,3,1243,1451
4,0,1243,1451
4,1,1243,1451
4,0,1282,1304
4,0,1309,1446
4,0,1268,1271
4,3,1243,1451
4,0,1243,1451
4,1,1243,1451
4,0,1282,1304
4,0,1309,1446
4,0,1268,1271
4,3,1243,1451
4,0,1243,1451
4,1,1243,1451
4,0,1282,1304
4,0,1309,1446
4,0,1268,1271
4,3,1243,1451
4,0,1243,1451
4,1,1243,1451
4,0,1282,1304
4,0,1309,1446
4,0,1268,1271
4,3,1243,1451
4,0,1243,1451
4,1,1243,1451
4,0,1282,1304
4,0,1309,1446
4,0,1268,1271
4,3,1243,1451
4,0,1243,1451
4,1,1243,1451
4,0,1282,1304
4,0,1309,1446
4,0,1268,1271
4,3,1243,1451
4,0,1243,1451
4,1,1243,1451
4,0,1282,1304
4,0,1309,1446
4,1,1309,1446
4,0,1334,1359
2,4,3505,3562
2,0,3546,3558
2,22,3505,3562
4,12,1346,1358
4,0,1365,1378
4,0,1384,1412
6,4,2877,2994
6,0,2940,2945
6,0,2932,2990
6,1,2932,2990
6,0,2966,2990
6,0,2957,2960
6,3,2932,2990
6,0,2932,2990
6,1,2932,2990
6,0,2966,2990
6,0,2957,2960
6,3,2932,2990
6,0,2932,2990
6,1,2932,2990
6,0,2966,2990
6,0,2957,2960
6,3,2932,2990
6,0,2932,2990
6,24,1,59
6,5,2877,2994
6,22,2877,2994
4,12,1384,1411
4,0,1418,1440
6,4,1824,1934
6,0,1874,1879
6,0,1866,1930
6,1,1866,1930
6,0,1900,1930
6,0,1891,1894
6,3,1866,1930
6,0,1866,1930
6,1,1866,1930
6,0,1900,1930
6,0,1891,1894
6,3,1866,1930
6,0,1866,1930
6,1,1866,1930
6,0,1900,1930
6,0,1891,1894
6,3,1866,1930
6,0,1866,1930
6,24,1,65
6,5,1824,1934
6,22,1824,1934
4,12,1418,1439
4,3,1309,1446
4,0,1268,1271
4,3,1243,1451
4,0,1243,1451
4,24,1,209
4,0,1455,1465
4,0,1469,1482
4,0,1486,1506
6,4,3099,3198
6,0,3146,3151
6,0,3138,3194
6,1,3138,3194
6,0,3172,3194
6,0,3163,3166
6,3,3138,3194
6,0,3138,3194
6,1,3138,3194
6,0,3172,3194
6,0,3163,3166
6,3,3138,3194
6,0,3138,3194
6,1,3138,3194
6,0,3172,3194
6,0,3163,3166
6,3,3138,3194
6,0,3138,3194
6,24,1,57
6,5,3099,3198
6,22,3099,3198
4,12,1486,1505
4,0,1512,1522
4,22,1102,1526
3,12,4205,4220
3,5,3802,4225
3,22,3802,4225
3,12,3442,3457
3,0,3512,3538
3,0,3542,3652
3,1,3542,3652
3,0,3576,3609
2,4,4497,4713
2,0,4553,4593
6,4,750,1067
6,0,827,859
6,16,257,5049
6,8,554,661
6,0,456,460
6,0,581,605
6,0,617,622
6,0,609,657
6,1,609,657
6,0,643,657
6,0,634,637
6,3,609,657
6,0,609,657
6,1,609,657
6,0,643,657
6,0,634,637
6,3,609,657
6,0,609,657
6,1,609,657
6,0,643,657
6,0,634,637
6,3,609,657
6,0,609,657
6,24,1,49
6,9,554,661
6,22,554,661
6,12,842,858
6,0,867,893
6,0,909,914
6,0,901,959
6,1,901,959
6,0,939,959
6,0,926,929
6,3,901,959
6,0,901,959
6,1,901,959
6,0,939,959
6,0,926,929
6,3,901,959
6,0,901,959
6,1,901,959
6,0,939,959
6,0,926,929
6,3,901,959
6,0,901,959
6,24,1,59
6,0,973,982
6,22,750,1067
2,12,4571,4592
2,0,4599,4625
5,10,109,654
5,11,109,654
5,22,109,654
5,16,109,654
5,8,524,651
5,0,190,195
5,0,265,269
5,0,329,333
5,0,400,404
5,0,563,573
5,0,577,604
6,4,750,1067
6,0,827,859
6,16,257,5049
6,8,554,661
6,0,456,460
6,0,581,605
6,0,617,622
6,0,609,657
6,1,609,657
6,0,643,657
6,0,634,637
6,3,609,657
6,0,609,657
6,1,609,657
6,0,643,657
6,0,634,637
6,3,609,657
6,0,609,657
6,1,609,657
6,0,643,657
6,0,634,637
6,3,609,657
6,0,609,657
6,24,1,49
6,9,554,661
6,22,554,661
6,12,842,858
6,0,867,893
6,0,909,914
6,0,901,959
6,1,901,959
6,0,939,959
6,0,926,929
6,3,901,959
6,0,901,959
6,1,901,959
6,0,939,959
6,0,926,929
6,3,901,959
6,0,901,959
6,1,901,959
6,0,939,959
6,0,926,929
6,3,901,959
6,0,901,959
6,24,1,59
6,0,973,982
6,22,750,1067
5,12,584,603
5,0,608,619
5,0,623,647
6,16,257,5049
6,8,554,661
6,0,456,460
6,0,581,605
6,0,617,622
6,0,609,657
6,1,609,657
6,0,643,657
6,0,634,637
6,3,609,657
6,0,609,657
6,1,609,657
6,0,643,657
6,0,634,637
6,3,609,657
6,0,609,657
6,1,609,657
6,0,643,657
6,0,634,637
6,3,609,657
6,0,609,657
6,24,1,49
6,9,554,661
6,22,554,661
5,12,630,646
5,9,524,651
5,22,524,651
2,12,4607,4624
2,0,4629,4670
4,4,1599,1873
4,0,1656,1855
4,4,1997,2236
4,0,2043,2076
6,16,257,5049
6,8,554,661
6,0,456,460
6,0,581,605
6,0,617,622
6,0,609,657
6,1,609,657
6,0,643,657
6,0,634,637
6,3,609,657
6,0,609,657
6,1,609,657
6,0,643,657
6,0,634,637
6,3,609,657
6,0,609,657
6,1,609,657
6,0,643,657
6,0,634,637
6,3,609,657
6,0,609,657
6,24,1,49
6,9,554,661
6,22,554,661
4,12,2059,2075
4,0,2080,2110
6,4,2411,2541
6,0,2479,2484
6,0,2471,2537
6,1,2471,2537
6,0,2505,2537
6,0,2496,2499
6,3,2471,2537
6,0,2471,2537
6,1,2471,2537
6,0,2505,2537
6,0,2496,2499
6,3,2471,2537
6,0,2471,2537
6,1,2471,2537
6,0,2505,2537
6,0,2496,2499
6,3,2471,2537
6,0,2471,2537
6,24,1,67
6,5,2411,2541
6,22,2411,2541
4,12,2080,2109
4,0,2114,2144
6,4,3296,3423
6,0,3330,3345
6,0,3357,3362
6,0,3349,3406
6,1,3349,3406
6,0,3383,3406
6,0,3374,3377
6,3,3349,3406
6,0,3349,3406
6,1,3349,3406
6,0,3383,3406
6,0,3374,3377
6,3,3349,3406
6,0,3349,3406
6,1,3349,3406
6,0,3383,3406
6,0,3374,3377
6,3,3349,3406
6,0,3349,3406
6,24,1,58
6,0,3410,3419
6,22,3296,3423
4,12,2128,2143
4,0,2212,2232
4,22,1997,2236
4,12,1659,1675
4,1,1656,1855
4,0,1694,1699
4,0,1686,1820
4,1,1686,1820
4,0,1732,1754
4,0,1760,1814
4,1,1760,1814
4,0,1780,1814
2,4,4786,4903
2,0,4843,4885
2,1,4843,4885
2,0,4868,4885
7,4,1153,1488
7,0,1185,1218
6,16,257,5049
6,8,554,661
6,0,456,460
6,0,581,605
6,0,617,622
6,0,609,657
6,1,609,657
6,0,643,657
6,0,634,637
6,3,609,657
6,0,609,657
6,1,609,657
6,0,643,657
6,0,634,637
6,3,609,657
6,0,609,657
6,1,609,657
6,0,643,657
6,0,634,637
6,3,609,657
6,0,609,657
6,24,1,49
6,9,554,661
6,22,554,661
7,12,1201,1217
7,0,1222,1252
6,4,2411,2541
6,0,2479,2484
6,0,2471,2537
6,1,2471,2537
6,0,2505,2537
6,0,2496,2499
6,3,2471,2537
6,0,2471,2537
6,1,2471,2537
6,0,2505,2537
6,0,2496,2499
6,3,2471,2537
6,0,2471,2537
6,1,2471,2537
6,0,2505,2537
6,0,2496,2499
6,3,2471,2537
6,0,2471,2537
6,24,1,67
6,5,2411,2541
6,22,2411,2541
7,12,1222,1251
7,0,1258,1302
6,4,3296,3423
6,0,3330,3345
6,0,3357,3362
6,0,3349,3406
6,1,3349,3406
6,0,3383,3406
6,0,3374,3377
6,3,3349,3406
6,0,3349,3406
6,1,3349,3406
6,0,3383,3406
6,0,3374,3377
6,3,3349,3406
6,0,3349,3406
6,1,3349,3406
6,0,3383,3406
6,0,3374,3377
6,3,3349,3406
6,0,3349,3406
6,24,1,58
6,0,3410,3419
6,22,3296,3423
7,12,1272,1287
7,0,1306,1337
7,12,1321,1336
7,0,1343,1370
7,0,1374,1390
7,0,1394,1420
7,0,1424,1445
6,4,2628,2729
6,0,2677,2682
6,0,2669,2725
6,1,2669,2725
6,0,2703,2725
6,0,2694,2697
6,3,2669,2725
6,0,2669,2725
6,1,2669,2725
6,0,2703,2725
6,0,2694,2697
6,3,2669,2725
6,0,2669,2725
6,1,2669,2725
6,0,2703,2725
6,0,2694,2697
6,3,2669,2725
6,0,2669,2725
6,24,1,57
6,5,2628,2729
6,22,2628,2729
7,12,1424,1444
7,0,1449,1470
6,4,1824,1934
6,0,1874,1879
6,0,1866,1930
6,1,1866,1930
6,0,1900,1930
6,0,1891,1894
6,3,1866,1930
6,0,1866,1930
6,1,1866,1930
6,0,1900,1930
6,0,1891,1894
6,3,1866,1930
6,0,1866,1930
6,1,1866,1930
6,0,1900,1930
6,0,1891,1894
6,3,1866,1930
6,0,1866,1930
6,24,1,65
6,5,1824,1934
6,22,1824,1934
7,12,1449,1469
7,0,1474,1484
7,22,1153,1488
2,12,4873,4884
2,3,4843,4885
2,0,4889,4899
2,22,4786,4903
4,12,1785,1813
4,3,1760,1814
4,0,1716,1719
4,3,1686,1820
4,0,1686,1820
4,1,1686,1820
4,0,1732,1754
4,0,1760,1814
4,0,1716,1719
4,3,1686,1820
4,0,1686,1820
4,1,1686,1820
4,0,1732,1754
4,0,1760,1814
4,0,1716,1719
4,3,1686,1820
4,0,1686,1820
4,1,1686,1820
4,0,1732,1754
4,0,1760,1814
4,0,1716,1719
4,3,1686,1820
4,0,1686,1820
4,1,1686,1820
4,0,1732,1754
4,0,1760,1814
4,0,1716,1719
4,3,1686,1820
4,0,1686,1820
4,1,1686,1820
4,0,1732,1754
4,0,1760,1814
4,0,1716,1719
4,3,1686,1820
4,0,1686,1820
4,1,1686,1820
4,0,1732,1754
4,0,1760,1814
4,0,1716,1719
4,3,1686,1820
4,0,1686,1820
4,1,1686,1820
4,0,1732,1754
4,0,1760,1814
4,1,1760,1814
4,0,1780,1814
2,4,4786,4903
2,0,4843,4885
2,0,4889,4899
2,22,4786,4903
4,12,1785,1813
4,3,1760,1814
4,0,1716,1719
4,3,1686,1820
4,0,1686,1820
4,24,1,135
4,3,1656,1855
4,0,1859,1869
4,22,1599,1873
2,12,4634,4669
2,0,4674,4688
2,0,4692,4709
2,5,4497,4713
2,22,4497,4713
3,12,3576,3608
3,0,3615,3647
2,4,1023,1080
2,0,1058,1074
2,22,1023,1080
3,12,3625,3646
3,3,3542,3652
3,0,3542,3652
3,1,3542,3652
3,0,3576,3609
2,4,4497,4713
2,0,4553,4593
6,4,750,1067
6,0,827,859
6,16,257,5049
6,8,554,661
6,0,456,460
6,0,581,605
6,0,617,622
6,0,609,657
6,1,609,657
6,0,643,657
6,0,634,637
6,3,609,657
6,0,609,657
6,1,609,657
6,0,643,657
6,0,634,637
6,3,609,657
6,0,609,657
6,1,609,657
6,0,643,657
6,0,634,637
6,3,609,657
6,0,609,657
6,24,1,49
6,9,554,661
6,22,554,661
6,12,842,858
6,0,867,893
6,0,909,914
6,0,901,959
6,1,901,959
6,0,939,959
6,0,926,929
6,3,901,959
6,0,901,959
6,1,901,959
6,0,939,959
6,0,926,929
6,3,901,959
6,0,901,959
6,1,901,959
6,0,939,959
6,0,926,929
6,3,901,959
6,0,901,959
6,24,1,59
6,0,973,982
6,22,750,1067
2,12,4571,4592
2,0,4599,4625
5,16,109,654
5,8,524,651
5,0,190,195
5,0,265,269
5,0,329,333
5,0,400,404
5,0,563,573
5,0,577,604
6,4,750,1067
6,0,827,859
6,16,257,5049
6,8,554,661
6,0,456,460
6,0,581,605
6,0,617,622
6,0,609,657
6,1,609,657
6,0,643,657
6,0,634,637
6,3,609,657
6,0,609,657
6,1,609,657
6,0,643,657
6,0,634,637
6,3,609,657
6,0,609,657
6,1,609,657
6,0,643,657
6,0,634,637
6,3,609,657
6,0,609,657
6,24,1,49
6,9,554,661
6,22,554,661
6,12,842,858
6,0,867,893
6,0,909,914
6,0,901,959
6,1,901,959
6,0,939,959
6,0,926,929
6,3,901,959
6,0,901,959
6,1,901,959
6,0,939,959
6,0,926,929
6,3,901,959
6,0,901,959
6,1,901,959
6,0,939,959
6,0,926,929
6,3,901,959
6,0,901,959
6,24,1,59
6,0,973,982
6,22,750,1067
5,12,584,603
5,0,608,619
5,0,623,647
6,16,257,5049
6,8,554,661
6,0,456,460
6,0,581,605
6,0,617,622
6,0,609,657
6,1,609,657
6,0,643,657
6,0,634,637
6,3,609,657
6,0,609,657
6,1,609,657
6,0,643,657
6,0,634,637
6,3,609,657
6,0,609,657
6,1,609,657
6,0,643,657
6,0,634,637
6,3,609,657
6,0,609,657
6,24,1,49
6,9,554,661
6,22,554,661
5,12,630,646
5,9,524,651
5,22,524,651
2,12,4607,4624
2,0,4629,4670
4,4,1599,1873
4,0,1656,1855
4,4,1997,2236
4,0,2043,2076
6,16,257,5049
6,8,554,661
6,0,456,460
6,0,581,605
6,0,617,622
6,0,609,657
6,1,609,657
6,0,643,657
6,0,634,637
6,3,609,657
6,0,609,657
6,1,609,657
6,0,643,657
6,0,634,637
6,3,609,657
6,0,609,657
6,1,609,657
6,0,643,657
6,0,634,637
6,3,609,657
6,0,609,657
6,24,1,49
6,9,554,661
6,22,554,661
4,12,2059,2075
4,0,2080,2110
6,4,2411,2541
6,0,2479,2484
6,0,2471,2537
6,1,2471,2537
6,0,2505,2537
6,0,2496,2499
6,3,2471,2537
6,0,2471,2537
6,1,2471,2537
6,0,2505,2537
6,0,2496,2499
6,3,2471,2537
6,0,2471,2537
6,1,2471,2537
6,0,2505,2537
6,0,2496,2499
6,3,2471,2537
6,0,2471,2537
6,24,1,67
6,5,2411,2541
6,22,2411,2541
4,12,2080,2109
4,0,2114,2144
6,4,3296,3423
6,0,3330,3345
6,0,3357,3362
6,0,3349,3406
6,1,3349,3406
6,0,3383,3406
6,0,3374,3377
6,3,3349,3406
6,0,3349,3406
6,1,3349,3406
6,0,3383,3406
6,0,3374,3377
6,3,3349,3406
6,0,3349,3406
6,1,3349,3406
6,0,3383,3406
6,0,3374,3377
6,3,3349,3406
6,0,3349,3406
6,24,1,58
6,0,3410,3419
6,22,3296,3423
4,12,2128,2143
4,0,2212,2232
4,22,1997,2236
4,12,1659,1675
4,1,1656,1855
4,0,1694,1699
4,0,1686,1820
4,1,1686,1820
4,0,1732,1754
4,0,1760,1814
4,1,1760,1814
4,0,1780,1814
2,4,4786,4903
2,0,4843,4885
2,0,4889,4899
2,22,4786,4903
4,12,1785,1813
4,3,1760,1814
4,0,1716,1719
4,3,1686,1820
4,0,1686,1820
4,1,1686,1820
4,0,1732,1754
4,0,1760,1814
4,0,1716,1719
4,3,1686,1820
4,0,1686,1820
4,1,1686,1820
4,0,1732,1754
4,0,1760,1814
4,0,1716,1719
4,3,1686,1820
4,0,1686,1820
4,1,1686,1820
4,0,1732,1754
4,0,1760,1814
4,0,1716,1719
4,3,1686,1820
4,0,1686,1820
4,1,1686,1820
4,0,1732,1754
4,0,1760,1814
4,0,1716,1719
4,3,1686,1820
4,0,1686,1820
4,1,1686,1820
4,0,1732,1754
4,0,1760,1814
4,0,1716,1719
4,3,1686,1820
4,0,1686,1820
4,1,1686,1820
4,0,1732,1754
4,0,1760,1814
4,0,1716,1719
4,3,1686,1820
4,0,1686,1820
4,1,1686,1820
4,0,1732,1754
4,0,1760,1814
4,1,1760,1814
4,0,1780,1814
2,4,4786,4903
2,0,4843,4885
2,1,4843,4885
2,0,4868,4885
7,4,1153,1488
7,0,1185,1218
6,16,257,5049
6,8,554,661
6,0,456,460
6,0,581,605
6,0,617,622
6,0,609,657
6,1,609,657
6,0,643,657
6,0,634,637
6,3,609,657
6,0,609,657
6,1,609,657
6,0,643,657
6,0,634,637
6,3,609,657
6,0,609,657
6,1,609,657
6,0,643,657
6,0,634,637
6,3,609,657
6,0,609,657
6,24,1,49
6,9,554,661
6,22,554,661
7,12,1201,1217
7,0,1222,1252
6,4,2411,2541
6,0,2479,2484
6,0,2471,2537
6,1,2471,2537
6,0,2505,2537
6,0,2496,2499
6,3,2471,2537
6,0,2471,2537
6,1,2471,2537
6,0,2505,2537
6,0,2496,2499
6,3,2471,2537
6,0,2471,2537
6,1,2471,2537
6,0,2505,2537
6,0,2496,2499
6,3,2471,2537
6,0,2471,2537
6,24,1,67
6,5,2411,2541
6,22,2411,2541
7,12,1222,1251
7,0,1258,1302
6,4,3296,3423
6,0,3330,3345
6,0,3357,3362
6,0,3349,3406
6,1,3349,3406
6,0,3383,3406
6,0,3374,3377
6,3,3349,3406
6,0,3349,3406
6,1,3349,3406
6,0,3383,3406
6,0,3374,3377
6,3,3349,3406
6,0,3349,3406
6,1,3349,3406
6,0,3383,3406
6,0,3374,3377
6,3,3349,3406
6,0,3349,3406
6,24,1,58
6,0,3410,3419
6,22,3296,3423
7,12,1272,1287
7,0,1306,1337
7,12,1321,1336
7,0,1343,1370
7,0,1374,1390
7,0,1394,1420
7,0,1424,1445
6,4,2628,2729
6,0,2677,2682
6,0,2669,2725
6,1,2669,2725
6,0,2703,2725
6,0,2694,2697
6,3,2669,2725
6,0,2669,2725
6,1,2669,2725
6,0,2703,2725
6,0,2694,2697
6,3,2669,2725
6,0,2669,2725
6,1,2669,2725
6,0,2703,2725
6,0,2694,2697
6,3,2669,2725
6,0,2669,2725
6,24,1,57
6,5,2628,2729
6,22,2628,2729
7,12,1424,1444
7,0,1449,1470
6,4,1824,1934
6,0,1874,1879
6,0,1866,1930
6,1,1866,1930
6,0,1900,1930
6,0,1891,1894
6,3,1866,1930
6,0,1866,1930
6,1,1866,1930
6,0,1900,1930
6,0,1891,1894
6,3,1866,1930
6,0,1866,1930
6,1,1866,1930
6,0,1900,1930
6,0,1891,1894
6,3,1866,1930
6,0,1866,1930
6,24,1,65
6,5,1824,1934
6,22,1824,1934
7,12,1449,1469
7,0,1474,1484
7,22,1153,1488
2,12,4873,4884
2,3,4843,4885
2,0,4889,4899
2,22,4786,4903
4,12,1785,1813
4,3,1760,1814
4,0,1716,1719
4,3,1686,1820
4,0,1686,1820
4,24,1,135
4,3,1656,1855
4,0,1859,1869
4,22,1599,1873
2,12,4634,4669
2,0,4674,4688
2,0,4692,4709
2,5,4497,4713
2,22,4497,4713
3,12,3576,3608
3,0,3615,3647
2,4,1023,1080
2,0,1058,1074
2,22,1023,1080
3,12,3625,3646
3,3,3542,3652
3,0,3542,3652
3,24,3542,3652
3,0,3658,3680
3,6,4914,5892
3,0,4964,4999
6,16,257,5049
6,8,554,661
6,0,456,460
6,0,581,605
6,0,617,622
6,0,609,657
6,1,609,657
6,0,643,657
6,0,634,637
6,3,609,657
6,0,609,657
6,1,609,657
6,0,643,657
6,0,634,637
6,3,609,657
6,0,609,657
6,1,609,657
6,0,643,657
6,0,634,637
6,3,609,657
6,0,609,657
6,24,1,49
6,9,554,661
6,22,554,661
3,12,4982,4998
3,0,5003,5038
6,16,257,5049
6,8,554,661
6,0,456,460
6,0,581,605
6,0,617,622
6,0,609,657
6,1,609,657
6,0,643,657
6,0,634,637
6,3,609,657
6,0,609,657
6,1,609,657
6,0,643,657
6,0,634,637
6,3,609,657
6,0,609,657
6,1,609,657
6,0,643,657
6,0,634,637
6,3,609,657
6,0,609,657
6,24,1,49
6,9,554,661
6,22,554,661
3,12,5021,5037
3,0,5042,5071
3,0,5077,5095
3,0,5099,5888
3,1,5099,5888
3,0,5133,5196
6,4,750,1067
6,0,827,859
6,16,257,5049
6,8,554,661
6,0,456,460
6,0,581,605
6,0,617,622
6,0,609,657
6,1,609,657
6,0,643,657
6,0,634,637
6,3,609,657
6,0,609,657
6,1,609,657
6,0,643,657
6,0,634,637
6,3,609,657
6,0,609,657
6,1,609,657
6,0,643,657
6,0,634,637
6,3,609,657
6,0,609,657
6,24,1,49
6,9,554,661
6,22,554,661
6,12,842,858
6,0,867,893
6,0,909,914
6,0,901,959
6,1,901,959
6,0,939,959
6,0,926,929
6,3,901,959
6,0,901,959
6,1,901,959
6,0,939,959
6,0,926,929
6,3,901,959
6,0,901,959
6,1,901,959
6,0,939,959
6,0,926,929
6,3,901,959
6,0,901,959
6,24,1,59
6,0,973,982
6,22,750,1067
3,12,5163,5195
3,0,5202,5393
3,0,5399,5448
6,4,750,1067
6,0,827,859
6,16,257,5049
6,8,554,661
6,0,456,460
6,0,581,605
6,0,617,622
6,0,609,657
6,1,609,657
6,0,643,657
6,0,634,637
6,3,609,657
6,0,609,657
6,1,609,657
6,0,643,657
6,0,634,637
6,3,609,657
6,0,609,657
6,1,609,657
6,0,643,657
6,0,634,637
6,3,609,657
6,0,609,657
6,24,1,49
6,9,554,661
6,22,554,661
6,12,842,858
6,0,867,893
6,0,909,914
6,0,901,959
6,1,901,959
6,0,939,959
6,0,926,929
6,3,901,959
6,0,901,959
6,1,901,959
6,0,939,959
6,0,926,929
6,3,901,959
6,0,901,959
6,1,901,959
6,0,939,959
6,0,926,929
6,3,901,959
6,0,901,959
6,24,1,59
6,0,973,982
6,22,750,1067
3,12,5425,5447
3,0,5454,5490
6,4,2877,2994
6,0,2940,2945
6,0,2932,2990
6,1,2932,2990
6,0,2966,2990
6,0,2957,2960
6,3,2932,2990
6,0,2932,2990
6,1,2932,2990
6,0,2966,2990
6,0,2957,2960
6,3,2932,2990
6,0,2932,2990
6,1,2932,2990
6,0,2966,2990
6,0,2957,2960
6,3,2932,2990
6,0,2932,2990
6,24,1,59
6,5,2877,2994
6,22,2877,2994
3,12,5454,5489
3,0,5498,5558
6,4,750,1067
6,0,827,859
6,16,257,5049
6,8,554,661
6,0,456,460
6,0,581,605
6,0,617,622
6,0,609,657
6,1,609,657
6,0,643,657
6,0,634,637
6,3,609,657
6,0,609,657
6,1,609,657
6,0,643,657
6,0,634,637
6,3,609,657
6,0,609,657
6,1,609,657
6,0,643,657
6,0,634,637
6,3,609,657
6,0,609,657
6,24,1,49
6,9,554,661
6,22,554,661
6,12,842,858
6,0,867,893
6,0,909,914
6,0,901,959
6,1,901,959
6,0,939,959
6,0,926,929
6,3,901,959
6,0,901,959
6,1,901,959
6,0,939,959
6,0,926,929
6,3,901,959
6,0,901,959
6,1,901,959
6,0,939,959
6,0,926,929
6,3,901,959
6,0,901,959
6,24,1,59
6,0,973,982
6,22,750,1067
3,12,5528,5557
3,0,5564,5584
6,4,1824,1934
6,0,1874,1879
6,0,1866,1930
6,1,1866,1930
6,0,1900,1930
6,0,1891,1894
6,3,1866,1930
6,0,1866,1930
6,1,1866,1930
6,0,1900,1930
6,0,1891,1894
6,3,1866,1930
6,0,1866,1930
6,1,1866,1930
6,0,1900,1930
6,0,1891,1894
6,3,1866,1930
6,0,1866,1930
6,24,1,65
6,5,1824,1934
6,22,1824,1934
3,12,5564,5583
3,0,5590,5643
6,4,750,1067
6,0,827,859
6,16,257,5049
6,8,554,661
6,0,456,460
6,0,581,605
6,0,617,622
6,0,609,657
6,1,609,657
6,0,643,657
6,0,634,637
6,3,609,657
6,0,609,657
6,1,609,657
6,0,643,657
6,0,634,637
6,3,609,657
6,0,609,657
6,1,609,657
6,0,643,657
6,0,634,637
6,3,609,657
6,0,609,657
6,24,1,49
6,9,554,661
6,22,554,661
6,12,842,858
6,0,867,893
6,0,909,914
6,0,901,959
6,1,901,959
6,0,939,959
6,0,926,929
6,3,901,959
6,0,901,959
6,1,901,959
6,0,939,959
6,0,926,929
6,3,901,959
6,0,901,959
6,1,901,959
6,0,939,959
6,0,926,929
6,3,901,959
6,0,901,959
6,24,1,59
6,0,973,982
6,22,750,1067
3,12,5620,5642
3,0,5649,5676
6,4,2628,2729
6,0,2677,2682
6,0,2669,2725
6,1,2669,2725
6,0,2703,2725
6,0,2694,2697
6,3,2669,2725
6,0,2669,2725
6,1,2669,2725
6,0,2703,2725
6,0,2694,2697
6,3,2669,2725
6,0,2669,2725
6,1,2669,2725
6,0,2703,2725
6,0,2694,2697
6,3,2669,2725
6,0,2669,2725
6,24,1,57
6,5,2628,2729
6,22,2628,2729
3,12,5649,5675
3,0,5682,5709
6,4,1824,1934
6,0,1874,1879
6,0,1866,1930
6,1,1866,1930
6,0,1900,1930
6,0,1891,1894
6,3,1866,1930
6,0,1866,1930
6,1,1866,1930
6,0,1900,1930
6,0,1891,1894
6,3,1866,1930
6,0,1866,1930
6,1,1866,1930
6,0,1900,1930
6,0,1891,1894
6,3,1866,1930
6,0,1866,1930
6,24,1,65
6,5,1824,1934
6,22,1824,1934
3,12,5682,5708
3,0,5715,5764
6,4,750,1067
6,0,827,859
6,16,257,5049
6,8,554,661
6,0,456,460
6,0,581,605
6,0,617,622
6,0,609,657
6,1,609,657
6,0,643,657
6,0,634,637
6,3,609,657
6,0,609,657
6,1,609,657
6,0,643,657
6,0,634,637
6,3,609,657
6,0,609,657
6,1,609,657
6,0,643,657
6,0,634,637
6,3,609,657
6,0,609,657
6,24,1,49
6,9,554,661
6,22,554,661
6,12,842,858
6,0,867,893
6,0,909,914
6,0,901,959
6,1,901,959
6,0,939,959
6,0,926,929
6,3,901,959
6,0,901,959
6,1,901,959
6,0,939,959
6,0,926,929
6,3,901,959
6,0,901,959
6,1,901,959
6,0,939,959
6,0,926,929
6,3,901,959
6,0,901,959
6,24,1,59
6,0,973,982
6,22,750,1067
3,12,5741,5763
3,0,5770,5790
6,4,1824,1934
6,0,1874,1879
6,0,1866,1930
6,1,1866,1930
6,0,1900,1930
6,0,1891,1894
6,3,1866,1930
6,0,1866,1930
6,1,1866,1930
6,0,1900,1930
6,0,1891,1894
6,3,1866,1930
6,0,1866,1930
6,1,1866,1930
6,0,1900,1930
6,0,1891,1894
6,3,1866,1930
6,0,1866,1930
6,24,1,65
6,5,1824,1934
6,22,1824,1934
3,12,5770,5789
3,0,5796,5845
6,4,750,1067
6,0,827,859
6,16,257,5049
6,8,554,661
6,0,456,460
6,0,581,605
6,0,617,622
6,0,609,657
6,1,609,657
6,0,643,657
6,0,634,637
6,3,609,657
6,0,609,657
6,1,609,657
6,0,643,657
6,0,634,637
6,3,609,657
6,0,609,657
6,1,609,657
6,0,643,657
6,0,634,637
6,3,609,657
6,0,609,657
6,24,1,49
6,9,554,661
6,22,554,661
6,12,842,858
6,0,867,893
6,0,909,914
6,0,901,959
6,1,901,959
6,0,939,959
6,0,926,929
6,3,901,959
6,0,901,959
6,1,901,959
6,0,939,959
6,0,926,929
6,3,901,959
6,0,901,959
6,1,901,959
6,0,939,959
6,0,926,929
6,3,901,959
6,0,901,959
6,24,1,59
6,0,973,982
6,22,750,1067
3,12,5822,5844
3,0,5851,5883
2,4,1023,1080
2,0,1058,1074
2,22,1023,1080
3,12,5861,5882
3,3,5099,5888
3,0,5099,5888
3,1,5099,5888
3,0,5133,5196
6,4,750,1067
6,0,827,859
6,16,257,5049
6,8,554,661
6,0,456,460
6,0,581,605
6,0,617,622
6,0,609,657
6,1,609,657
6,0,643,657
6,0,634,637
6,3,609,657
6,0,609,657
6,1,609,657
6,0,643,657
6,0,634,637
6,3,609,657
6,0,609,657
6,1,609,657
6,0,643,657
6,0,634,637
6,3,609,657
6,0,609,657
6,24,1,49
6,9,554,661
6,22,554,661
6,12,842,858
6,0,867,893
6,0,909,914
6,0,901,959
6,1,901,959
6,0,939,959
6,0,926,929
6,3,901,959
6,0,901,959
6,1,901,959
6,0,939,959
6,0,926,929
6,3,901,959
6,0,901,959
6,1,901,959
6,0,939,959
6,0,926,929
6,3,901,959
6,0,901,959
6,24,1,59
6,0,973,982
6,22,750,1067
3,12,5163,5195
3,0,5202,5393
3,0,5399,5448
6,4,750,1067
6,0,827,859
6,16,257,5049
6,8,554,661
6,0,456,460
6,0,581,605
6,0,617,622
6,0,609,657
6,1,609,657
6,0,643,657
6,0,634,637
6,3,609,657
6,0,609,657
6,1,609,657
6,0,643,657
6,0,634,637
6,3,609,657
6,0,609,657
6,1,609,657
6,0,643,657
6,0,634,637
6,3,609,657
6,0,609,657
6,24,1,49
6,9,554,661
6,22,554,661
6,12,842,858
6,0,867,893
6,0,909,914
6,0,901,959
6,1,901,959
6,0,939,959
6,0,926,929
6,3,901,959
6,0,901,959
6,1,901,959
6,0,939,959
6,0,926,929
6,3,901,959
6,0,901,959
6,1,901,959
6,0,939,959
6,0,926,929
6,3,901,959
6,0,901,959
6,24,1,59
6,0,973,982
6,22,750,1067
3,12,5425,5447
3,0,5454,5490
6,4,2877,2994
6,0,2940,2945
6,0,2932,2990
6,1,2932,2990
6,0,2966,2990
6,0,2957,2960
6,3,2932,2990
6,0,2932,2990
6,1,2932,2990
6,0,2966,2990
6,0,2957,2960
6,3,2932,2990
6,0,2932,2990
6,1,2932,2990
6,0,2966,2990
6,0,2957,2960
6,3,2932,2990
6,0,2932,2990
6,24,1,59
6,5,2877,2994
6,22,2877,2994
3,12,5454,5489
3,0,5498,5558
6,4,750,1067
6,0,827,859
6,16,257,5049
6,8,554,661
6,0,456,460
6,0,581,605
6,0,617,622
6,0,609,657
6,1,609,657
6,0,643,657
6,0,634,637
6,3,609,657
6,0,609,657
6,1,609,657
6,0,643,657
6,0,634,637
6,3,609,657
6,0,609,657
6,1,609,657
6,0,643,657
6,0,634,637
6,3,609,657
6,0,609,657
6,24,1,49
6,9,554,661
6,22,554,661
6,12,842,858
6,0,867,893
6,0,909,914
6,0,901,959
6,1,901,959
6,0,939,959
6,0,926,929
6,3,901,959
6,0,901,959
6,1,901,959
6,0,939,959
6,0,926,929
6,3,901,959
6,0,901,959
6,1,901,959
6,0,939,959
6,0,926,929
6,3,901,959
6,0,901,959
6,24,1,59
6,0,973,982
6,22,750,1067
3,12,5528,5557
3,0,5564,5584
6,4,1824,1934
6,0,1874,1879
6,0,1866,1930
6,1,1866,1930
6,0,1900,1930
6,0,1891,1894
6,3,1866,1930
6,0,1866,1930
6,1,1866,1930
6,0,1900,1930
6,0,1891,1894
6,3,1866,1930
6,0,1866,1930
6,1,1866,1930
6,0,1900,1930
6,0,1891,1894
6,3,1866,1930
6,0,1866,1930
6,24,1,65
6,5,1824,1934
6,22,1824,1934
3,12,5564,5583
3,0,5590,5643
6,4,750,1067
6,0,827,859
6,16,257,5049
6,8,554,661
6,0,456,460
6,0,581,605
6,0,617,622
6,0,609,657
6,1,609,657
6,0,643,657
6,0,634,637
6,3,609,657
6,0,609,657
6,1,609,657
6,0,643,657
6,0,634,637
6,3,609,657
6,0,609,657
6,1,609,657
6,0,643,657
6,0,634,637
6,3,609,657
6,0,609,657
6,24,1,49
6,9,554,661
6,22,554,661
6,12,842,858
6,0,867,893
6,0,909,914
6,0,901,959
6,1,901,959
6,0,939,959
6,0,926,929
6,3,901,959
6,0,901,959
6,1,901,959
6,0,939,959
6,0,926,929
6,3,901,959
6,0,901,959
6,1,901,959
6,0,939,959
6,0,926,929
6,3,901,959
6,0,901,959
6,24,1,59
6,0,973,982
6,22,750,1067
3,12,5620,5642
3,0,5649,5676
6,4,2628,2729
6,0,2677,2682
6,0,2669,2725
6,1,2669,2725
6,0,2703,2725
6,0,2694,2697
6,3,2669,2725
6,0,2669,2725
6,1,2669,2725
6,0,2703,2725
6,0,2694,2697
6,3,2669,2725
6,0,2669,2725
6,1,2669,2725
6,0,2703,2725
6,0,2694,2697
6,3,2669,2725
6,0,2669,2725
6,24,1,57
6,5,2628,2729
6,22,2628,2729
3,12,5649,5675
3,0,5682,5709
6,4,1824,1934
6,0,1874,1879
6,0,1866,1930
6,1,1866,1930
6,0,1900,1930
6,0,1891,1894
6,3,1866,1930
6,0,1866,1930
6,1,1866,1930
6,0,1900,1930
6,0,1891,1894
6,3,1866,1930
6,0,1866,1930
6,1,1866,1930
6,0,1900,1930
6,0,1891,1894
6,3,1866,1930
6,0,1866,1930
6,24,1,65
6,5,1824,1934
6,22,1824,1934
3,12,5682,5708
3,0,5715,5764
6,4,750,1067
6,0,827,859
6,16,257,5049
6,8,554,661
6,0,456,460
6,0,581,605
6,0,617,622
6,0,609,657
6,1,609,657
6,0,643,657
6,0,634,637
6,3,609,657
6,0,609,657
6,1,609,657
6,0,643,657
6,0,634,637
6,3,609,657
6,0,609,657
6,1,609,657
6,0,643,657
6,0,634,637
6,3,609,657
6,0,609,657
6,24,1,49
6,9,554,661
6,22,554,661
6,12,842,858
6,0,867,893
6,0,909,914
6,0,901,959
6,1,901,959
6,0,939,959
6,0,926,929
6,3,901,959
6,0,901,959
6,1,901,959
6,0,939,959
6,0,926,929
6,3,901,959
6,0,901,959
6,1,901,959
6,0,939,959
6,0,926,929
6,3,901,959
6,0,901,959
6,24,1,59
6,0,973,982
6,22,750,1067
3,12,5741,5763
3,0,5770,5790
6,4,1824,1934
6,0,1874,1879
6,0,1866,1930
6,1,1866,1930
6,0,1900,1930
6,0,1891,1894
6,3,1866,1930
6,0,1866,1930
6,1,1866,1930
6,0,1900,1930
6,0,1891,1894
6,3,1866,1930
6,0,1866,1930
6,1,1866,1930
6,0,1900,1930
6,0,1891,1894
6,3,1866,1930
6,0,1866,1930
6,24,1,65
6,5,1824,1934
6,22,1824,1934
3,12,5770,5789
3,0,5796,5845
6,4,750,1067
6,0,827,859
6,16,257,5049
6,8,554,661
6,0,456,460
6,0,581,605
6,0,617,622
6,0,609,657
6,1,609,657
6,0,643,657
6,0,634,637
6,3,609,657
6,0,609,657
6,1,609,657
6,0,643,657
6,0,634,637
6,3,609,657
6,0,609,657
6,1,609,657
6,0,643,657
6,0,634,637
6,3,609,657
6,0,609,657
6,24,1,49
6,9,554,661
6,22,554,661
6,12,842,858
6,0,867,893
6,0,909,914
6,0,901,959
6,1,901,959
6,0,939,959
6,0,926,929
6,3,901,959
6,0,901,959
6,1,901,959
6,0,939,959
6,0,926,929
6,3,901,959
6,0,901,959
6,1,901,959
6,0,939,959
6,0,926,929
6,3,901,959
6,0,901,959
6,24,1,59
6,0,973,982
6,22,750,1067
3,12,5822,5844
3,0,5851,5883
2,4,1023,1080
2,0,1058,1074
2,22,1023,1080
3,12,5861,5882
3,3,5099,5888
3,0,5099,5888
3,24,5099,5888
3,7,4914,5892
3,22,4914,5892
3,12,3658,3679
3,5,3363,3684
3,22,3363,3684
1,12,1071,1091
1,0,1097,1111
1,3,1010,1116
1,0,1010,1116
1,2,1017,1059
1,1,1010,1116
1,0,1071,1092
3,4,3363,3684
3,0,3424,3436
3,0,3442,3458
3,4,3802,4225
3,0,3842,3868
3,0,3873,4200
3,1,3873,4200
3,0,3908,4156
3,1,3908,4156
3,0,3947,3978
2,4,1243,2009
2,0,1296,1331
6,16,257,5049
6,8,554,661
6,0,456,460
6,0,581,605
6,0,617,622
6,0,609,657
6,1,609,657
6,0,643,657
6,0,634,637
6,3,609,657
6,0,609,657
6,1,609,657
6,0,643,657
6,0,634,637
6,3,609,657
6,0,609,657
6,1,609,657
6,0,643,657
6,0,634,637
6,3,609,657
6,0,609,657
6,24,1,49
6,9,554,661
6,22,554,661
2,12,1314,1330
2,0,1337,1363
2,4,2114,2649
2,0,2152,2179
6,4,1224,1277
6,0,1258,1273
6,22,1224,1277
2,12,2166,2178
2,0,2183,2210
6,4,1224,1277
6,0,1258,1273
6,22,1224,1277
2,12,2197,2209
2,0,2214,2241
6,4,1224,1277
6,0,1258,1273
6,22,1224,1277
2,12,2228,2240
2,0,2281,2300
2,0,2306,2360
6,4,1224,1277
6,0,1258,1273
6,22,1224,1277
2,12,2327,2345
2,0,2364,2413
2,2,2369,2391
2,0,2419,2466
6,4,1224,1277
6,0,1258,1273
6,22,1224,1277
2,12,2433,2451
2,0,2470,2519
2,2,2475,2497
2,0,2525,2572
6,4,1224,1277
6,0,1258,1273
6,22,1224,1277
2,12,2539,2557
2,0,2576,2625
2,2,2581,2603
2,0,2631,2645
2,22,2114,2649
2,12,1350,1362
2,0,1367,2005
2,24,1367,2005
2,5,1243,2009
2,22,1243,2009
3,12,3947,3977
3,0,3985,4025
3,4,4337,4909
3,0,4386,4419
6,16,257,5049
6,8,554,661
6,0,456,460
6,0,581,605
6,0,617,622
6,0,609,657
6,1,609,657
6,0,643,657
6,0,634,637
6,3,609,657
6,0,609,657
6,1,609,657
6,0,643,657
6,0,634,637
6,3,609,657
6,0,609,657
6,1,609,657
6,0,643,657
6,0,634,637
6,3,609,657
6,0,609,657
6,24,1,49
6,9,554,661
6,22,554,661
3,12,4402,4418
3,0,4425,4476
6,4,1224,1277
6,0,1258,1273
6,22,1224,1277
3,12,4439,4450
6,4,1224,1277
6,0,1258,1273
6,22,1224,1277
3,12,4453,4466
3,0,4480,4581
3,2,4483,4506
3,1,4480,4581
3,0,4512,4556
3,12,4527,4554
6,4,1408,1469
6,0,1453,1465
6,5,1408,1469
6,22,1408,1469
3,12,4512,4555
3,3,4480,4581
3,0,4587,4631
6,4,1224,1277
6,0,1258,1273
6,22,1224,1277
3,12,4594,4605
6,4,1224,1277
6,0,1258,1273
6,22,1224,1277
3,12,4608,4621
3,0,4635,4736
3,2,4638,4661
3,1,4635,4736
3,0,4667,4711
3,12,4682,4709
6,4,1408,1469
6,0,1453,1465
6,5,1408,1469
6,22,1408,1469
3,12,4667,4710
3,3,4635,4736
3,0,4742,4786
6,4,1224,1277
6,0,1258,1273
6,22,1224,1277
3,12,4749,4760
6,4,1224,1277
6,0,1258,1273
6,22,1224,1277
3,12,4763,4776
3,0,4790,4891
3,2,4793,4816
3,1,4790,4891
3,0,4822,4866
3,12,4837,4864
6,4,1408,1469
6,0,1453,1465
6,5,1408,1469
6,22,1408,1469
3,12,4822,4865
3,3,4790,4891
3,0,4895,4905
3,22,4337,4909
3,12,4003,4024
3,0,4032,4149
3,1,4032,4149
3,0,4057,4072
3,3,4032,4149
3,3,3908,4156
3,0,4162,4194
2,4,1023,1080
2,0,1058,1074
2,22,1023,1080
3,12,4172,4193
3,3,3873,4200
3,0,3873,4200
3,1,3873,4200
3,0,3908,4156
3,1,3908,4156
3,0,3947,3978
2,4,1243,2009
2,0,1296,1331
6,16,257,5049
6,8,554,661
6,0,456,460
6,0,581,605
6,0,617,622
6,0,609,657
6,1,609,657
6,0,643,657
6,0,634,637
6,3,609,657
6,0,609,657
6,1,609,657
6,0,643,657
6,0,634,637
6,3,609,657
6,0,609,657
6,1,609,657
6,0,643,657
6,0,634,637
6,3,609,657
6,0,609,657
6,24,1,49
6,9,554,661
6,22,554,661
2,12,1314,1330
2,0,1337,1363
2,4,2114,2649
2,0,2152,2179
6,4,1224,1277
6,0,1258,1273
6,22,1224,1277
2,12,2166,2178
2,0,2183,2210
6,4,1224,1277
6,0,1258,1273
6,22,1224,1277
2,12,2197,2209
2,0,2214,2241
6,4,1224,1277
6,0,1258,1273
6,22,1224,1277
2,12,2228,2240
2,0,2281,2300
2,0,2306,2360
6,4,1224,1277
6,0,1258,1273
6,22,1224,1277
2,12,2327,2345
2,0,2364,2413
2,2,2369,2391
2,0,2419,2466
6,4,1224,1277
6,0,1258,1273
6,22,1224,1277
2,12,2433,2451
2,0,2470,2519
2,2,2475,2497
2,0,2525,2572
6,4,1224,1277
6,0,1258,1273
6,22,1224,1277
2,12,2539,2557
2,0,2576,2625
2,2,2581,2603
2,0,2631,2645
2,22,2114,2649
2,12,1350,1362
2,0,1367,2005
2,24,1367,2005
2,5,1243,2009
2,22,1243,2009
3,12,3947,3977
3,0,3985,4025
3,4,4337,4909
3,0,4386,4419
6,16,257,5049
6,8,554,661
6,0,456,460
6,0,581,605
6,0,617,622
6,0,609,657
6,1,609,657
6,0,643,657
6,0,634,637
6,3,609,657
6,0,609,657
6,1,609,657
6,0,643,657
6,0,634,637
6,3,609,657
6,0,609,657
6,1,609,657
6,0,643,657
6,0,634,637
6,3,609,657
6,0,609,657
6,24,1,49
6,9,554,661
6,22,554,661
3,12,4402,4418
3,0,4425,4476
6,4,1224,1277
6,0,1258,1273
6,22,1224,1277
3,12,4439,4450
6,4,1224,1277
6,0,1258,1273
6,22,1224,1277
3,12,4453,4466
3,0,4480,4581
3,2,4483,4506
3,1,4480,4581
3,0,4512,4556
3,12,4527,4554
6,4,1408,1469
6,0,1453,1465
6,5,1408,1469
6,22,1408,1469
3,12,4512,4555
3,3,4480,4581
3,0,4587,4631
6,4,1224,1277
6,0,1258,1273
6,22,1224,1277
3,12,4594,4605
6,4,1224,1277
6,0,1258,1273
6,22,1224,1277
3,12,4608,4621
3,0,4635,4736
3,2,4638,4661
3,1,4635,4736
3,0,4667,4711
3,12,4682,4709
6,4,1408,1469
6,0,1453,1465
6,5,1408,1469
6,22,1408,1469
3,12,4667,4710
3,3,4635,4736
3,0,4742,4786
6,4,1224,1277
6,0,1258,1273
6,22,1224,1277
3,12,4749,4760
6,4,1224,1277
6,0,1258,1273
6,22,1224,1277
3,12,4763,4776
3,0,4790,4891
3,2,4793,4816
3,1,4790,4891
3,0,4822,4866
3,12,4837,4864
6,4,1408,1469
6,0,1453,1465
6,5,1408,1469
6,22,1408,1469
3,12,4822,4865
3,3,4790,4891
3,0,4895,4905
3,22,4337,4909
3,12,4003,4024
3,0,4032,4149
3,1,4032,4149
3,0,4091,4149
2,4,2954,3402
2,0,3055,3080
4,16,117,2435
7,16,107,1491
7,8,439,502
7,0,186,190
7,0,248,251
7,0,460,471
7,0,475,498
6,16,257,5049
6,8,554,661
6,0,456,460
6,0,581,605
6,0,617,622
6,0,609,657
6,1,609,657
6,0,643,657
6,0,634,637
6,3,609,657
6,0,609,657
6,1,609,657
6,0,643,657
6,0,634,637
6,3,609,657
6,0,609,657
6,1,609,657
6,0,643,657
6,0,634,637
6,3,609,657
6,0,609,657
6,24,1,49
6,9,554,661
6,22,554,661
7,12,481,497
7,9,439,502
7,22,439,502
4,8,361,438
4,0,336,340
4,0,351,355
4,0,391,418
4,0,422,434
4,9,361,438
4,22,361,438
2,12,3069,3079
2,0,3084,3111
2,4,3698,4311
2,0,3744,3777
6,16,257,5049
6,8,554,661
6,0,456,460
6,0,581,605
6,0,617,622
6,0,609,657
6,1,609,657
6,0,643,657
6,0,634,637
6,3,609,657
6,0,609,657
6,1,609,657
6,0,643,657
6,0,634,637
6,3,609,657
6,0,609,657
6,1,609,657
6,0,643,657
6,0,634,637
6,3,609,657
6,0,609,657
6,24,1,49
6,9,554,661
6,22,554,661
2,12,3760,3776
2,0,3783,3845
6,4,1224,1277
6,0,1258,1273
6,22,1224,1277
2,12,3797,3809
6,4,1224,1277
6,0,1258,1273
6,22,1224,1277
2,12,3812,3830
2,0,3849,3888
2,12,3864,3886
6,4,1408,1469
6,0,1453,1465
6,5,1408,1469
6,22,1408,1469
2,12,3849,3887
2,0,3894,3949
6,4,1224,1277
6,0,1258,1273
6,22,1224,1277
2,12,3901,3913
6,4,1224,1277
6,0,1258,1273
6,22,1224,1277
2,12,3916,3934
2,0,3953,3992
2,12,3968,3990
6,4,1408,1469
6,0,1453,1465
6,5,1408,1469
6,22,1408,1469
2,12,3953,3991
2,0,3998,4053
6,4,1224,1277
6,0,1258,1273
6,22,1224,1277
2,12,4005,4017
6,4,1224,1277
6,0,1258,1273
6,22,1224,1277
2,12,4020,4038
2,0,4057,4096
2,12,4072,4094
6,4,1408,1469
6,0,1453,1465
6,5,1408,1469
6,22,1408,1469
2,12,4057,4095
2,0,4102,4112
2,0,4124,4129
2,0,4116,4294
2,1,4116,4294
2,0,4166,4289
6,4,1224,1277
6,0,1258,1273
6,22,1224,1277
2,12,4175,4186
2,1,4166,4289
2,0,4263,4289
2,3,4166,4289
2,0,4152,4155
2,3,4116,4294
2,0,4116,4294
2,1,4116,4294
2,0,4166,4289
6,4,1224,1277
6,0,1258,1273
6,22,1224,1277
2,12,4175,4186
2,1,4166,4289
2,0,4263,4289
2,3,4166,4289
2,0,4152,4155
2,3,4116,4294
2,0,4116,4294
2,1,4116,4294
2,0,4166,4289
6,4,1224,1277
6,0,1258,1273
6,22,1224,1277
2,12,4175,4186
2,1,4166,4289
2,0,4263,4289
2,3,4166,4289
2,0,4152,4155
2,3,4116,4294
2,0,4116,4294
2,24,1,179
2,0,4298,4307
2,22,3698,4311
2,12,3093,3110
2,0,3155,3178
2,0,3210,3241
7,6,676,884
7,0,735,745
7,0,757,762
7,0,749,867
7,1,749,867
7,0,799,862
6,4,1224,1277
6,0,1258,1273
6,22,1224,1277
7,12,808,819
7,0,785,788
7,3,749,867
7,0,749,867
7,1,749,867
7,0,799,862
6,4,1224,1277
6,0,1258,1273
6,22,1224,1277
7,12,808,819
7,0,785,788
7,3,749,867
7,0,749,867
7,1,749,867
7,0,799,862
6,4,1224,1277
6,0,1258,1273
6,22,1224,1277
7,12,808,819
7,0,785,788
7,3,749,867
7,0,749,867
7,24,1,119
7,0,871,880
7,22,676,884
2,12,3215,3240
2,0,3245,3271
2,0,3275,3380
2,1,3275,3380
2,0,3360,3380
2,3,3275,3380
2,0,3384,3398
2,22,2954,3402
3,12,4098,4148
3,3,4032,4149
3,3,3908,4156
3,0,4162,4194
2,4,1023,1080
2,0,1058,1074
2,22,1023,1080
3,12,4172,4193
3,3,3873,4200
3,0,3873,4200
3,24,3873,4200
3,0,4205,4221
4,4,1102,1526
4,0,1143,1159
4,0,1163,1200
6,16,257,5049
6,8,554,661
6,0,456,460
6,0,581,605
6,0,617,622
6,0,609,657
6,1,609,657
6,0,643,657
6,0,634,637
6,3,609,657
6,0,609,657
6,1,609,657
6,0,643,657
6,0,634,637
6,3,609,657
6,0,609,657
6,1,609,657
6,0,643,657
6,0,634,637
6,3,609,657
6,0,609,657
6,24,1,49
6,9,554,661
6,22,554,661
4,12,1183,1199
4,0,1204,1239
6,16,257,5049
6,8,554,661
6,0,456,460
6,0,581,605
6,0,617,622
6,0,609,657
6,1,609,657
6,0,643,657
6,0,634,637
6,3,609,657
6,0,609,657
6,1,609,657
6,0,643,657
6,0,634,637
6,3,609,657
6,0,609,657
6,1,609,657
6,0,643,657
6,0,634,637
6,3,609,657
6,0,609,657
6,24,1,49
6,9,554,661
6,22,554,661
4,12,1222,1238
4,0,1251,1256
4,0,1243,1451
4,1,1243,1451
4,0,1282,1304
4,0,1309,1446
4,1,1309,1446
4,0,1334,1359
2,4,3505,3562
2,0,3546,3558
2,22,3505,3562
4,12,1346,1358
4,0,1365,1378
4,0,1384,1412
6,4,2877,2994
6,0,2940,2945
6,0,2932,2990
6,1,2932,2990
6,0,2966,2990
6,0,2957,2960
6,3,2932,2990
6,0,2932,2990
6,1,2932,2990
6,0,2966,2990
6,0,2957,2960
6,3,2932,2990
6,0,2932,2990
6,1,2932,2990
6,0,2966,2990
6,0,2957,2960
6,3,2932,2990
6,0,2932,2990
6,24,1,59
6,5,2877,2994
6,22,2877,2994
4,12,1384,1411
4,0,1418,1440
6,4,1824,1934
6,0,1874,1879
6,0,1866,1930
6,1,1866,1930
6,0,1900,1930
6,0,1891,1894
6,3,1866,1930
6,0,1866,1930
6,1,1866,1930
6,0,1900,1930
6,0,1891,1894
6,3,1866,1930
6,0,1866,1930
6,1,1866,1930
6,0,1900,1930
6,0,1891,1894
6,3,1866,1930
6,0,1866,1930
6,24,1,65
6,5,1824,1934
6,22,1824,1934
4,12,1418,1439
4,3,1309,1446
4,0,1268,1271
4,3,1243,1451
4,0,1243,1451
4,1,1243,1451
4,0,1282,1304
4,0,1309,1446
4,0,1268,1271
4,3,1243,1451
4,0,1243,1451
4,1,1243,1451
4,0,1282,1304
4,0,1309,1446
4,0,1268,1271
4,3,1243,1451
4,0,1243,1451
4,1,1243,1451
4,0,1282,1304
4,0,1309,1446
4,0,1268,1271
4,3,1243,1451
4,0,1243,1451
4,1,1243,1451
4,0,1282,1304
4,0,1309,1446
4,0,1268,1271
4,3,1243,1451
4,0,1243,1451
4,1,1243,1451
4,0,1282,1304
4,0,1309,1446
4,0,1268,1271
4,3,1243,1451
4,0,1243,1451
4,1,1243,1451
4,0,1282,1304
4,0,1309,1446
4,0,1268,1271
4,3,1243,1451
4,0,1243,1451
4,1,1243,1451
4,0,1282,1304
4,0,1309,1446
4,1,1309,1446
4,0,1334,1359
2,4,3505,3562
2,0,3546,3558
2,22,3505,3562
4,12,1346,1358
4,0,1365,1378
4,0,1384,1412
6,4,2877,2994
6,0,2940,2945
6,0,2932,2990
6,1,2932,2990
6,0,2966,2990
6,0,2957,2960
6,3,2932,2990
6,0,2932,2990
6,1,2932,2990
6,0,2966,2990
6,0,2957,2960
6,3,2932,2990
6,0,2932,2990
6,1,2932,2990
6,0,2966,2990
6,0,2957,2960
6,3,2932,2990
6,0,2932,2990
6,24,1,59
6,5,2877,2994
6,22,2877,2994
4,12,1384,1411
4,0,1418,1440
6,4,1824,1934
6,0,1874,1879
6,0,1866,1930
6,1,1866,1930
6,0,1900,1930
6,0,1891,1894
6,3,1866,1930
6,0,1866,1930
6,1,1866,1930
6,0,1900,1930
6,0,1891,1894
6,3,1866,1930
6,0,1866,1930
6,1,1866,1930
6,0,1900,1930
6,0,1891,1894
6,3,1866,1930
6,0,1866,1930
6,24,1,65
6,5,1824,1934
6,22,1824,1934
4,12,1418,1439
4,3,1309,1446
4,0,1268,1271
4,3,1243,1451
4,0,1243,1451
4,24,1,209
4,0,1455,1465
4,0,1469,1482
4,0,1486,1506
6,4,3099,3198
6,0,3146,3151
6,0,3138,3194
6,1,3138,3194
6,0,3172,3194
6,0,3163,3166
6,3,3138,3194
6,0,3138,3194
6,1,3138,3194
6,0,3172,3194
6,0,3163,3166
6,3,3138,3194
6,0,3138,3194
6,1,3138,3194
6,0,3172,3194
6,0,3163,3166
6,3,3138,3194
6,0,3138,3194
6,24,1,57
6,5,3099,3198
6,22,3099,3198
4,12,1486,1505
4,0,1512,1522
4,22,1102,1526
3,12,4205,4220
3,5,3802,4225
3,22,3802,4225
3,12,3442,3457
3,0,3512,3538
3,0,3542,3652
3,1,3542,3652
3,0,3576,3609
2,4,4497,4713
2,0,4553,4593
6,4,750,1067
6,0,827,859
6,16,257,5049
6,8,554,661
6,0,456,460
6,0,581,605
6,0,617,622
6,0,609,657
6,1,609,657
6,0,643,657
6,0,634,637
6,3,609,657
6,0,609,657
6,1,609,657
6,0,643,657
6,0,634,637
6,3,609,657
6,0,609,657
6,1,609,657
6,0,643,657
6,0,634,637
6,3,609,657
6,0,609,657
6,24,1,49
6,9,554,661
6,22,554,661
6,12,842,858
6,0,867,893
6,0,909,914
6,0,901,959
6,1,901,959
6,0,939,959
6,0,926,929
6,3,901,959
6,0,901,959
6,1,901,959
6,0,939,959
6,0,926,929
6,3,901,959
6,0,901,959
6,1,901,959
6,0,939,959
6,0,926,929
6,3,901,959
6,0,901,959
6,24,1,59
6,0,973,982
6,22,750,1067
2,12,4571,4592
2,0,4599,4625
5,16,109,654
5,8,524,651
5,0,190,195
5,0,265,269
5,0,329,333
5,0,400,404
5,0,563,573
5,0,577,604
6,4,750,1067
6,0,827,859
6,16,257,5049
6,8,554,661
6,0,456,460
6,0,581,605
6,0,617,622
6,0,609,657
6,1,609,657
6,0,643,657
6,0,634,637
6,3,609,657
6,0,609,657
6,1,609,657
6,0,643,657
6,0,634,637
6,3,609,657
6,0,609,657
6,1,609,657
6,0,643,657
6,0,634,637
6,3,609,657
6,0,609,657
6,24,1,49
6,9,554,661
6,22,554,661
6,12,842,858
6,0,867,893
6,0,909,914
6,0,901,959
6,1,901,959
6,0,939,959
6,0,926,929
6,3,901,959
6,0,901,959
6,1,901,959
6,0,939,959
6,0,926,929
6,3,901,959
6,0,901,959
6,1,901,959
6,0,939,959
6,0,926,929
6,3,901,959
6,0,901,959
6,24,1,59
6,0,973,982
6,22,750,1067
5,12,584,603
5,0,608,619
5,0,623,647
6,16,257,5049
6,8,554,661
6,0,456,460
6,0,581,605
6,0,617,622
6,0,609,657
6,1,609,657
6,0,643,657
6,0,634,637
6,3,609,657
6,0,609,657
6,1,609,657
6,0,643,657
6,0,634,637
6,3,609,657
6,0,609,657
6,1,609,657
6,0,643,657
6,0,634,637
6,3,609,657
6,0,609,657
6,24,1,49
6,9,554,661
6,22,554,661
5,12,630,646
5,9,524,651
5,22,524,651
2,12,4607,4624
2,0,4629,4670
4,4,1599,1873
4,0,1656,1855
4,4,1997,2236
4,0,2043,2076
6,16,257,5049
6,8,554,661
6,0,456,460
6,0,581,605
6,0,617,622
6,0,609,657
6,1,609,657
6,0,643,657
6,0,634,637
6,3,609,657
6,0,609,657
6,1,609,657
6,0,643,657
6,0,634,637
6,3,609,657
6,0,609,657
6,1,609,657
6,0,643,657
6,0,634,637
6,3,609,657
6,0,609,657
6,24,1,49
6,9,554,661
6,22,554,661
4,12,2059,2075
4,0,2080,2110
6,4,2411,2541
6,0,2479,2484
6,0,2471,2537
6,1,2471,2537
6,0,2505,2537
6,0,2496,2499
6,3,2471,2537
6,0,2471,2537
6,1,2471,2537
6,0,2505,2537
6,0,2496,2499
6,3,2471,2537
6,0,2471,2537
6,1,2471,2537
6,0,2505,2537
6,0,2496,2499
6,3,2471,2537
6,0,2471,2537
6,24,1,67
6,5,2411,2541
6,22,2411,2541
4,12,2080,2109
4,0,2114,2144
6,4,3296,3423
6,0,3330,3345
6,0,3357,3362
6,0,3349,3406
6,1,3349,3406
6,0,3383,3406
6,0,3374,3377
6,3,3349,3406
6,0,3349,3406
6,1,3349,3406
6,0,3383,3406
6,0,3374,3377
6,3,3349,3406
6,0,3349,3406
6,1,3349,3406
6,0,3383,3406
6,0,3374,3377
6,3,3349,3406
6,0,3349,3406
6,24,1,58
6,0,3410,3419
6,22,3296,3423
4,12,2128,2143
4,0,2212,2232
4,22,1997,2236
4,12,1659,1675
4,1,1656,1855
4,0,1694,1699
4,0,1686,1820
4,1,1686,1820
4,0,1732,1754
4,0,1760,1814
4,1,1760,1814
4,0,1780,1814
2,4,4786,4903
2,0,4843,4885
2,1,4843,4885
2,0,4868,4885
7,4,1153,1488
7,0,1185,1218
6,16,257,5049
6,8,554,661
6,0,456,460
6,0,581,605
6,0,617,622
6,0,609,657
6,1,609,657
6,0,643,657
6,0,634,637
6,3,609,657
6,0,609,657
6,1,609,657
6,0,643,657
6,0,634,637
6,3,609,657
6,0,609,657
6,1,609,657
6,0,643,657
6,0,634,637
6,3,609,657
6,0,609,657
6,24,1,49
6,9,554,661
6,22,554,661
7,12,1201,1217
7,0,1222,1252
6,4,2411,2541
6,0,2479,2484
6,0,2471,2537
6,1,2471,2537
6,0,2505,2537
6,0,2496,2499
6,3,2471,2537
6,0,2471,2537
6,1,2471,2537
6,0,2505,2537
6,0,2496,2499
6,3,2471,2537
6,0,2471,2537
6,1,2471,2537
6,0,2505,2537
6,0,2496,2499
6,3,2471,2537
6,0,2471,2537
6,24,1,67
6,5,2411,2541
6,22,2411,2541
7,12,1222,1251
7,0,1258,1302
6,4,3296,3423
6,0,3330,3345
6,0,3357,3362
6,0,3349,3406
6,1,3349,3406
6,0,3383,3406
6,0,3374,3377
6,3,3349,3406
6,0,3349,3406
6,1,3349,3406
6,0,3383,3406
6,0,3374,3377
6,3,3349,3406
6,0,3349,3406
6,1,3349,3406
6,0,3383,3406
6,0,3374,3377
6,3,3349,3406
6,0,3349,3406
6,24,1,58
6,0,3410,3419
6,22,3296,3423
7,12,1272,1287
7,0,1306,1337
7,12,1321,1336
7,0,1343,1370
7,0,1374,1390
7,0,1394,1420
7,0,1424,1445
6,4,2628,2729
6,0,2677,2682
6,0,2669,2725
6,1,2669,2725
6,0,2703,2725
6,0,2694,2697
6,3,2669,2725
6,0,2669,2725
6,1,2669,2725
6,0,2703,2725
6,0,2694,2697
6,3,2669,2725
6,0,2669,2725
6,1,2669,2725
6,0,2703,2725
6,0,2694,2697
6,3,2669,2725
6,0,2669,2725
6,24,1,57
6,5,2628,2729
6,22,2628,2729
7,12,1424,1444
7,0,1449,1470
6,4,1824,1934
6,0,1874,1879
6,0,1866,1930
6,1,1866,1930
6,0,1900,1930
6,0,1891,1894
6,3,1866,1930
6,0,1866,1930
6,1,1866,1930
6,0,1900,1930
6,0,1891,1894
6,3,1866,1930
6,0,1866,1930
6,1,1866,1930
6,0,1900,1930
6,0,1891,1894
6,3,1866,1930
6,0,1866,1930
6,24,1,65
6,5,1824,1934
6,22,1824,1934
7,12,1449,1469
7,0,1474,1484
7,22,1153,1488
2,12,4873,4884
2,3,4843,4885
2,0,4889,4899
2,22,4786,4903
4,12,1785,1813
4,3,1760,1814
4,0,1716,1719
4,3,1686,1820
4,0,1686,1820
4,1,1686,1820
4,0,1732,1754
4,0,1760,1814
4,0,1716,1719
4,3,1686,1820
4,0,1686,1820
4,1,1686,1820
4,0,1732,1754
4,0,1760,1814
4,0,1716,1719
4,3,1686,1820
4,0,1686,1820
4,1,1686,1820
4,0,1732,1754
4,0,1760,1814
4,0,1716,1719
4,3,1686,1820
4,0,1686,1820
4,1,1686,1820
4,0,1732,1754
4,0,1760,1814
4,0,1716,1719
4,3,1686,1820
4,0,1686,1820
4,1,1686,1820
4,0,1732,1754
4,0,1760,1814
4,0,1716,1719
4,3,1686,1820
4,0,1686,1820
4,1,1686,1820
4,0,1732,1754
4,0,1760,1814
4,0,1716,1719
4,3,1686,1820
4,0,1686,1820
4,1,1686,1820
4,0,1732,1754
4,0,1760,1814
4,1,1760,1814
4,0,1780,1814
2,4,4786,4903
2,0,4843,4885
2,0,4889,4899
2,22,4786,4903
4,12,1785,1813
4,3,1760,1814
4,0,1716,1719
4,3,1686,1820
4,0,1686,1820
4,24,1,135
4,3,1656,1855
4,0,1859,1869
4,22,1599,1873
2,12,4634,4669
2,0,4674,4688
2,0,4692,4709
2,5,4497,4713
2,22,4497,4713
3,12,3576,3608
3,0,3615,3647
2,4,1023,1080
2,0,1058,1074
2,22,1023,1080
3,12,3625,3646
3,3,3542,3652
3,0,3542,3652
3,1,3542,3652
3,0,3576,3609
2,4,4497,4713
2,0,4553,4593
6,4,750,1067
6,0,827,859
6,16,257,5049
6,8,554,661
6,0,456,460
6,0,581,605
6,0,617,622
6,0,609,657
6,1,609,657
6,0,643,657
6,0,634,637
6,3,609,657
6,0,609,657
6,1,609,657
6,0,643,657
6,0,634,637
6,3,609,657
6,0,609,657
6,1,609,657
6,0,643,657
6,0,634,637
6,3,609,657
6,0,609,657
6,24,1,49
6,9,554,661
6,22,554,661
6,12,842,858
6,0,867,893
6,0,909,914
6,0,901,959
6,1,901,959
6,0,939,959
6,0,926,929
6,3,901,959
6,0,901,959
6,1,901,959
6,0,939,959
6,0,926,929
6,3,901,959
6,0,901,959
6,1,901,959
6,0,939,959
6,0,926,929
6,3,901,959
6,0,901,959
6,24,1,59
6,0,973,982
6,22,750,1067
2,12,4571,4592
2,0,4599,4625
5,16,109,654
5,8,524,651
5,0,190,195
5,0,265,269
5,0,329,333
5,0,400,404
5,0,563,573
5,0,577,604
6,4,750,1067
6,0,827,859
6,16,257,5049
6,8,554,661
6,0,456,460
6,0,581,605
6,0,617,622
6,0,609,657
6,1,609,657
6,0,643,657
6,0,634,637
6,3,609,657
6,0,609,657
6,1,609,657
6,0,643,657
6,0,634,637
6,3,609,657
6,0,609,657
6,1,609,657
6,0,643,657
6,0,634,637
6,3,609,657
6,0,609,657
6,24,1,49
6,9,554,661
6,22,554,661
6,12,842,858
6,0,867,893
6,0,909,914
6,0,901,959
6,1,901,959
6,0,939,959
6,0,926,929
6,3,901,959
6,0,901,959
6,1,901,959
6,0,939,959
6,0,926,929
6,3,901,959
6,0,901,959
6,1,901,959
6,0,939,959
6,0,926,929
6,3,901,959
6,0,901,959
6,24,1,59
6,0,973,982
6,22,750,1067
5,12,584,603
5,0,608,619
5,0,623,647
6,16,257,5049
6,8,554,661
6,0,456,460
6,0,581,605
6,0,617,622
6,0,609,657
6,1,609,657
6,0,643,657
6,0,634,637
6,3,609,657
6,0,609,657
6,1,609,657
6,0,643,657
6,0,634,637
6,3,609,657
6,0,609,657
6,1,609,657
6,0,643,657
6,0,634,637
6,3,609,657
6,0,609,657
6,24,1,49
6,9,554,661
6,22,554,661
5,12,630,646
5,9,524,651
5,22,524,651
2,12,4607,4624
2,0,4629,4670
4,4,1599,1873
4,0,1656,1855
4,4,1997,2236
4,0,2043,2076
6,16,257,5049
6,8,554,661
6,0,456,460
6,0,581,605
6,0,617,622
6,0,609,657
6,1,609,657
6,0,643,657
6,0,634,637
6,3,609,657
6,0,609,657
6,1,609,657
6,0,643,657
6,0,634,637
6,3,609,657
6,0,609,657
6,1,609,657
6,0,643,657
6,0,634,637
6,3,609,657
6,0,609,657
6,24,1,49
6,9,554,661
6,22,554,661
4,12,2059,2075
4,0,2080,2110
6,4,2411,2541
6,0,2479,2484
6,0,2471,2537
6,1,2471,2537
6,0,2505,2537
6,0,2496,2499
6,3,2471,2537
6,0,2471,2537
6,1,2471,2537
6,0,2505,2537
6,0,2496,2499
6,3,2471,2537
6,0,2471,2537
6,1,2471,2537
6,0,2505,2537
6,0,2496,2499
6,3,2471,2537
6,0,2471,2537
6,24,1,67
6,5,2411,2541
6,22,2411,2541
4,12,2080,2109
4,0,2114,2144
6,4,3296,3423
6,0,3330,3345
6,0,3357,3362
6,0,3349,3406
6,1,3349,3406
6,0,3383,3406
6,0,3374,3377
6,3,3349,3406
6,0,3349,3406
6,1,3349,3406
6,0,3383,3406
6,0,3374,3377
6,3,3349,3406
6,0,3349,3406
6,1,3349,3406
6,0,3383,3406
6,0,3374,3377
6,3,3349,3406
6,0,3349,3406
6,24,1,58
6,0,3410,3419
6,22,3296,3423
4,12,2128,2143
4,0,2212,2232
4,22,1997,2236
4,12,1659,1675
4,1,1656,1855
4,0,1694,1699
4,0,1686,1820
4,1,1686,1820
4,0,1732,1754
4,0,1760,1814
4,1,1760,1814
4,0,1780,1814
2,4,4786,4903
2,0,4843,4885
2,0,4889,4899
2,22,4786,4903
4,12,1785,1813
4,3,1760,1814
4,0,1716,1719
4,3,1686,1820
4,0,1686,1820
4,1,1686,1820
4,0,1732,1754
4,0,1760,1814
4,0,1716,1719
4,3,1686,1820
4,0,1686,1820
4,1,1686,1820
4,0,1732,1754
4,0,1760,1814
4,0,1716,1719
4,3,1686,1820
4,0,1686,1820
4,1,1686,1820
4,0,1732,1754
4,0,1760,1814
4,0,1716,1719
4,3,1686,1820
4,0,1686,1820
4,1,1686,1820
4,0,1732,1754
4,0,1760,1814
4,0,1716,1719
4,3,1686,1820
4,0,1686,1820
4,1,1686,1820
4,0,1732,1754
4,0,1760,1814
4,0,1716,1719
4,3,1686,1820
4,0,1686,1820
4,1,1686,1820
4,0,1732,1754
4,0,1760,1814
4,0,1716,1719
4,3,1686,1820
4,0,1686,1820
4,1,1686,1820
4,0,1732,1754
4,0,1760,1814
4,1,1760,1814
4,0,1780,1814
2,4,4786,4903
2,0,4843,4885
2,1,4843,4885
2,0,4868,4885
7,4,1153,1488
7,0,1185,1218
6,16,257,5049
6,8,554,661
6,0,456,460
6,0,581,605
6,0,617,622
6,0,609,657
6,1,609,657
6,0,643,657
6,0,634,637
6,3,609,657
6,0,609,657
6,1,609,657
6,0,643,657
6,0,634,637
6,3,609,657
6,0,609,657
6,1,609,657
6,0,643,657
6,0,634,637
6,3,609,657
6,0,609,657
6,24,1,49
6,9,554,661
6,22,554,661
7,12,1201,1217
7,0,1222,1252
6,4,2411,2541
6,0,2479,2484
6,0,2471,2537
6,1,2471,2537
6,0,2505,2537
6,0,2496,2499
6,3,2471,2537
6,0,2471,2537
6,1,2471,2537
6,0,2505,2537
6,0,2496,2499
6,3,2471,2537
6,0,2471,2537
6,1,2471,2537
6,0,2505,2537
6,0,2496,2499
6,3,2471,2537
6,0,2471,2537
6,24,1,67
6,5,2411,2541
6,22,2411,2541
7,12,1222,1251
7,0,1258,1302
6,4,3296,3423
6,0,3330,3345
6,0,3357,3362
6,0,3349,3406
6,1,3349,3406
6,0,3383,3406
6,0,3374,3377
6,3,3349,3406
6,0,3349,3406
6,1,3349,3406
6,0,3383,3406
6,0,3374,3377
6,3,3349,3406
6,0,3349,3406
6,1,3349,3406
6,0,3383,3406
6,0,3374,3377
6,3,3349,3406
6,0,3349,3406
6,24,1,58
6,0,3410,3419
6,22,3296,3423
7,12,1272,1287
7,0,1306,1337
7,12,1321,1336
7,0,1343,1370
7,0,1374,1390
7,0,1394,1420
7,0,1424,1445
6,4,2628,2729
6,0,2677,2682
6,0,2669,2725
6,1,2669,2725
6,0,2703,2725
6,0,2694,2697
6,3,2669,2725
6,0,2669,2725
6,1,2669,2725
6,0,2703,2725
6,0,2694,2697
6,3,2669,2725
6,0,2669,2725
6,1,2669,2725
6,0,2703,2725
6,0,2694,2697
6,3,2669,2725
6,0,2669,2725
6,24,1,57
6,5,2628,2729
6,22,2628,2729
7,12,1424,1444
7,0,1449,1470
6,4,1824,1934
6,0,1874,1879
6,0,1866,1930
6,1,1866,1930
6,0,1900,1930
6,0,1891,1894
6,3,1866,1930
6,0,1866,1930
6,1,1866,1930
6,0,1900,1930
6,0,1891,1894
6,3,1866,1930
6,0,1866,1930
6,1,1866,1930
6,0,1900,1930
6,0,1891,1894
6,3,1866,1930
6,0,1866,1930
6,24,1,65
6,5,1824,1934
6,22,1824,1934
7,12,1449,1469
7,0,1474,1484
7,22,1153,1488
2,12,4873,4884
2,3,4843,4885
2,0,4889,4899
2,22,4786,4903
4,12,1785,1813
4,3,1760,1814
4,0,1716,1719
4,3,1686,1820
4,0,1686,1820
4,24,1,135
4,3,1656,1855
4,0,1859,1869
4,22,1599,1873
2,12,4634,4669
2,0,4674,4688
2,0,4692,4709
2,5,4497,4713
2,22,4497,4713
3,12,3576,3608
3,0,3615,3647
2,4,1023,1080
2,0,1058,1074
2,22,1023,1080
3,12,3625,3646
3,3,3542,3652
3,0,3542,3652
3,24,3542,3652
3,0,3658,3680
3,6,4914,5892
3,0,4964,4999
6,16,257,5049
6,8,554,661
6,0,456,460
6,0,581,605
6,0,617,622
6,0,609,657
6,1,609,657
6,0,643,657
6,0,634,637
6,3,609,657
6,0,609,657
6,1,609,657
6,0,643,657
6,0,634,637
6,3,609,657
6,0,609,657
6,1,609,657
6,0,643,657
6,0,634,637
6,3,609,657
6,0,609,657
6,24,1,49
6,9,554,661
6,22,554,661
3,12,4982,4998
3,0,5003,5038
6,16,257,5049
6,8,554,661
6,0,456,460
6,0,581,605
6,0,617,622
6,0,609,657
6,1,609,657
6,0,643,657
6,0,634,637
6,3,609,657
6,0,609,657
6,1,609,657
6,0,643,657
6,0,634,637
6,3,609,657
6,0,609,657
6,1,609,657
6,0,643,657
6,0,634,637
6,3,609,657
6,0,609,657
6,24,1,49
6,9,554,661
6,22,554,661
3,12,5021,5037
3,0,5042,5071
3,0,5077,5095
3,0,5099,5888
3,1,5099,5888
3,0,5133,5196
6,4,750,1067
6,0,827,859
6,16,257,5049
6,8,554,661
6,0,456,460
6,0,581,605
6,0,617,622
6,0,609,657
6,1,609,657
6,0,643,657
6,0,634,637
6,3,609,657
6,0,609,657
6,1,609,657
6,0,643,657
6,0,634,637
6,3,609,657
6,0,609,657
6,1,609,657
6,0,643,657
6,0,634,637
6,3,609,657
6,0,609,657
6,24,1,49
6,9,554,661
6,22,554,661
6,12,842,858
6,0,867,893
6,0,909,914
6,0,901,959
6,1,901,959
6,0,939,959
6,0,926,929
6,3,901,959
6,0,901,959
6,1,901,959
6,0,939,959
6,0,926,929
6,3,901,959
6,0,901,959
6,1,901,959
6,0,939,959
6,0,926,929
6,3,901,959
6,0,901,959
6,24,1,59
6,0,973,982
6,22,750,1067
3,12,5163,5195
3,0,5202,5393
3,1,5202,5393
3,0,5229,5266
6,4,2411,2541
6,0,2479,2484
6,0,2471,2537
6,1,2471,2537
6,0,2505,2537
6,0,2496,2499
6,3,2471,2537
6,0,2471,2537
6,1,2471,2537
6,0,2505,2537
6,0,2496,2499
6,3,2471,2537
6,0,2471,2537
6,1,2471,2537
6,0,2505,2537
6,0,2496,2499
6,3,2471,2537
6,0,2471,2537
6,24,1,67
6,5,2411,2541
6,22,2411,2541
3,12,5229,5265
3,0,5271,5300
6,4,2877,2994
6,0,2940,2945
6,0,2932,2990
6,1,2932,2990
6,0,2966,2990
6,0,2957,2960
6,3,2932,2990
6,0,2932,2990
6,1,2932,2990
6,0,2966,2990
6,0,2957,2960
6,3,2932,2990
6,0,2932,2990
6,1,2932,2990
6,0,2966,2990
6,0,2957,2960
6,3,2932,2990
6,0,2932,2990
6,24,1,59
6,5,2877,2994
6,22,2877,2994
3,12,5271,5299
3,0,5305,5332
6,4,1824,1934
6,0,1874,1879
6,0,1866,1930
6,1,1866,1930
6,0,1900,1930
6,0,1891,1894
6,3,1866,1930
6,0,1866,1930
6,1,1866,1930
6,0,1900,1930
6,0,1891,1894
6,3,1866,1930
6,0,1866,1930
6,1,1866,1930
6,0,1900,1930
6,0,1891,1894
6,3,1866,1930
6,0,1866,1930
6,24,1,65
6,5,1824,1934
6,22,1824,1934
3,12,5305,5331
3,0,5337,5386
6,4,750,1067
6,0,827,859
6,16,257,5049
6,8,554,661
6,0,456,460
6,0,581,605
6,0,617,622
6,0,609,657
6,1,609,657
6,0,643,657
6,0,634,637
6,3,609,657
6,0,609,657
6,1,609,657
6,0,643,657
6,0,634,637
6,3,609,657
6,0,609,657
6,1,609,657
6,0,643,657
6,0,634,637
6,3,609,657
6,0,609,657
6,24,1,49
6,9,554,661
6,22,554,661
6,12,842,858
6,0,867,893
6,0,909,914
6,0,901,959
6,1,901,959
6,0,939,959
6,0,926,929
6,3,901,959
6,0,901,959
6,1,901,959
6,0,939,959
6,0,926,929
6,3,901,959
6,0,901,959
6,1,901,959
6,0,939,959
6,0,926,929
6,3,901,959
6,0,901,959
6,24,1,59
6,0,973,982
6,22,750,1067
3,12,5363,5385
3,3,5202,5393
3,0,5399,5448
6,4,750,1067
6,0,827,859
6,16,257,5049
6,8,554,661
6,0,456,460
6,0,581,605
6,0,617,622
6,0,609,657
6,1,609,657
6,0,643,657
6,0,634,637
6,3,609,657
6,0,609,657
6,1,609,657
6,0,643,657
6,0,634,637
6,3,609,657
6,0,609,657
6,1,609,657
6,0,643,657
6,0,634,637
6,3,609,657
6,0,609,657
6,24,1,49
6,9,554,661
6,22,554,661
6,12,842,858
6,0,867,893
6,0,909,914
6,0,901,959
6,1,901,959
6,0,939,959
6,0,926,929
6,3,901,959
6,0,901,959
6,1,901,959
6,0,939,959
6,0,926,929
6,3,901,959
6,0,901,959
6,1,901,959
6,0,939,959
6,0,926,929
6,3,901,959
6,0,901,959
6,24,1,59
6,0,973,982
6,22,750,1067
3,12,5425,5447
3,0,5454,5490
6,4,2877,2994
6,0,2940,2945
6,0,2932,2990
6,1,2932,2990
6,0,2966,2990
6,0,2957,2960
6,3,2932,2990
6,0,2932,2990
6,1,2932,2990
6,0,2966,2990
6,0,2957,2960
6,3,2932,2990
6,0,2932,2990
6,1,2932,2990
6,0,2966,2990
6,0,2957,2960
6,3,2932,2990
6,0,2932,2990
6,24,1,59
6,5,2877,2994
6,22,2877,2994
3,12,5454,5489
3,0,5498,5558
6,4,750,1067
6,0,827,859
6,16,257,5049
6,8,554,661
6,0,456,460
6,0,581,605
6,0,617,622
6,0,609,657
6,1,609,657
6,0,643,657
6,0,634,637
6,3,609,657
6,0,609,657
6,1,609,657
6,0,643,657
6,0,634,637
6,3,609,657
6,0,609,657
6,1,609,657
6,0,643,657
6,0,634,637
6,3,609,657
6,0,609,657
6,24,1,49
6,9,554,661
6,22,554,661
6,12,842,858
6,0,867,893
6,0,909,914
6,0,901,959
6,1,901,959
6,0,939,959
6,0,926,929
6,3,901,959
6,0,901,959
6,1,901,959
6,0,939,959
6,0,926,929
6,3,901,959
6,0,901,959
6,1,901,959
6,0,939,959
6,0,926,929
6,3,901,959
6,0,901,959
6,24,1,59
6,0,973,982
6,22,750,1067
3,12,5528,5557
3,0,5564,5584
6,4,1824,1934
6,0,1874,1879
6,0,1866,1930
6,1,1866,1930
6,0,1900,1930
6,0,1891,1894
6,3,1866,1930
6,0,1866,1930
6,1,1866,1930
6,0,1900,1930
6,0,1891,1894
6,3,1866,1930
6,0,1866,1930
6,1,1866,1930
6,0,1900,1930
6,0,1891,1894
6,3,1866,1930
6,0,1866,1930
6,24,1,65
6,5,1824,1934
6,22,1824,1934
3,12,5564,5583
3,0,5590,5643
6,4,750,1067
6,0,827,859
6,16,257,5049
6,8,554,661
6,0,456,460
6,0,581,605
6,0,617,622
6,0,609,657
6,1,609,657
6,0,643,657
6,0,634,637
6,3,609,657
6,0,609,657
6,1,609,657
6,0,643,657
6,0,634,637
6,3,609,657
6,0,609,657
6,1,609,657
6,0,643,657
6,0,634,637
6,3,609,657
6,0,609,657
6,24,1,49
6,9,554,661
6,22,554,661
6,12,842,858
6,0,867,893
6,0,909,914
6,0,901,959
6,1,901,959
6,0,939,959
6,0,926,929
6,3,901,959
6,0,901,959
6,1,901,959
6,0,939,959
6,0,926,929
6,3,901,959
6,0,901,959
6,1,901,959
6,0,939,959
6,0,926,929
6,3,901,959
6,0,901,959
6,24,1,59
6,0,973,982
6,22,750,1067
3,12,5620,5642
3,0,5649,5676
6,4,2628,2729
6,0,2677,2682
6,0,2669,2725
6,1,2669,2725
6,0,2703,2725
6,0,2694,2697
6,3,2669,2725
6,0,2669,2725
6,1,2669,2725
6,0,2703,2725
6,0,2694,2697
6,3,2669,2725
6,0,2669,2725
6,1,2669,2725
6,0,2703,2725
6,0,2694,2697
6,3,2669,2725
6,0,2669,2725
6,24,1,57
6,5,2628,2729
6,22,2628,2729
3,12,5649,5675
3,0,5682,5709
6,4,1824,1934
6,0,1874,1879
6,0,1866,1930
6,1,1866,1930
6,0,1900,1930
6,0,1891,1894
6,3,1866,1930
6,0,1866,1930
6,1,1866,1930
6,0,1900,1930
6,0,1891,1894
6,3,1866,1930
6,0,1866,1930
6,1,1866,1930
6,0,1900,1930
6,0,1891,1894
6,3,1866,1930
6,0,1866,1930
6,24,1,65
6,5,1824,1934
6,22,1824,1934
3,12,5682,5708
3,0,5715,5764
6,4,750,1067
6,0,827,859
6,16,257,5049
6,8,554,661
6,0,456,460
6,0,581,605
6,0,617,622
6,0,609,657
6,1,609,657
6,0,643,657
6,0,634,637
6,3,609,657
6,0,609,657
6,1,609,657
6,0,643,657
6,0,634,637
6,3,609,657
6,0,609,657
6,1,609,657
6,0,643,657
6,0,634,637
6,3,609,657
6,0,609,657
6,24,1,49
6,9,554,661
6,22,554,661
6,12,842,858
6,0,867,893
6,0,909,914
6,0,901,959
6,1,901,959
6,0,939,959
6,0,926,929
6,3,901,959
6,0,901,959
6,1,901,959
6,0,939,959
6,0,926,929
6,3,901,959
6,0,901,959
6,1,901,959
6,0,939,959
6,0,926,929
6,3,901,959
6,0,901,959
6,24,1,59
6,0,973,982
6,22,750,1067
3,12,5741,5763
3,0,5770,5790
6,4,1824,1934
6,0,1874,1879
6,0,1866,1930
6,1,1866,1930
6,0,1900,1930
6,0,1891,1894
6,3,1866,1930
6,0,1866,1930
6,1,1866,1930
6,0,1900,1930
6,0,1891,1894
6,3,1866,1930
6,0,1866,1930
6,1,1866,1930
6,0,1900,1930
6,0,1891,1894
6,3,1866,1930
6,0,1866,1930
6,24,1,65
6,5,1824,1934
6,22,1824,1934
3,12,5770,5789
3,0,5796,5845
6,4,750,1067
6,0,827,859
6,16,257,5049
6,8,554,661
6,0,456,460
6,0,581,605
6,0,617,622
6,0,609,657
6,1,609,657
6,0,643,657
6,0,634,637
6,3,609,657
6,0,609,657
6,1,609,657
6,0,643,657
6,0,634,637
6,3,609,657
6,0,609,657
6,1,609,657
6,0,643,657
6,0,634,637
6,3,609,657
6,0,609,657
6,24,1,49
6,9,554,661
6,22,554,661
6,12,842,858
6,0,867,893
6,0,909,914
6,0,901,959
6,1,901,959
6,0,939,959
6,0,926,929
6,3,901,959
6,0,901,959
6,1,901,959
6,0,939,959
6,0,926,929
6,3,901,959
6,0,901,959
6,1,901,959
6,0,939,959
6,0,926,929
6,3,901,959
6,0,901,959
6,24,1,59
6,0,973,982
6,22,750,1067
3,12,5822,5844
3,0,5851,5883
2,4,1023,1080
2,0,1058,1074
2,22,1023,1080
3,12,5861,5882
3,3,5099,5888
3,0,5099,5888
3,1,5099,5888
3,0,5133,5196
6,4,750,1067
6,0,827,859
6,16,257,5049
6,8,554,661
6,0,456,460
6,0,581,605
6,0,617,622
6,0,609,657
6,1,609,657
6,0,643,657
6,0,634,637
6,3,609,657
6,0,609,657
6,1,609,657
6,0,643,657
6,0,634,637
6,3,609,657
6,0,609,657
6,1,609,657
6,0,643,657
6,0,634,637
6,3,609,657
6,0,609,657
6,24,1,49
6,9,554,661
6,22,554,661
6,12,842,858
6,0,867,893
6,0,909,914
6,0,901,959
6,1,901,959
6,0,939,959
6,0,926,929
6,3,901,959
6,0,901,959
6,1,901,959
6,0,939,959
6,0,926,929
6,3,901,959
6,0,901,959
6,1,901,959
6,0,939,959
6,0,926,929
6,3,901,959
6,0,901,959
6,24,1,59
6,0,973,982
6,22,750,1067
3,12,5163,5195
3,0,5202,5393
3,1,5202,5393
3,0,5229,5266
6,4,2411,2541
6,0,2479,2484
6,0,2471,2537
6,1,2471,2537
6,0,2505,2537
6,0,2496,2499
6,3,2471,2537
6,0,2471,2537
6,1,2471,2537
6,0,2505,2537
6,0,2496,2499
6,3,2471,2537
6,0,2471,2537
6,1,2471,2537
6,0,2505,2537
6,0,2496,2499
6,3,2471,2537
6,0,2471,2537
6,24,1,67
6,5,2411,2541
6,22,2411,2541
3,12,5229,5265
3,0,5271,5300
6,4,2877,2994
6,0,2940,2945
6,0,2932,2990
6,1,2932,2990
6,0,2966,2990
6,0,2957,2960
6,3,2932,2990
6,0,2932,2990
6,1,2932,2990
6,0,2966,2990
6,0,2957,2960
6,3,2932,2990
6,0,2932,2990
6,1,2932,2990
6,0,2966,2990
6,0,2957,2960
6,3,2932,2990
6,0,2932,2990
6,24,1,59
6,5,2877,2994
6,22,2877,2994
3,12,5271,5299
3,0,5305,5332
6,4,1824,1934
6,0,1874,1879
6,0,1866,1930
6,1,1866,1930
6,0,1900,1930
6,0,1891,1894
6,3,1866,1930
6,0,1866,1930
6,1,1866,1930
6,0,1900,1930
6,0,1891,1894
6,3,1866,1930
6,0,1866,1930
6,1,1866,1930
6,0,1900,1930
6,0,1891,1894
6,3,1866,1930
6,0,1866,1930
6,24,1,65
6,5,1824,1934
6,22,1824,1934
3,12,5305,5331
3,0,5337,5386
6,4,750,1067
6,0,827,859
6,16,257,5049
6,8,554,661
6,0,456,460
6,0,581,605
6,0,617,622
6,0,609,657
6,1,609,657
6,0,643,657
6,0,634,637
6,3,609,657
6,0,609,657
6,1,609,657
6,0,643,657
6,0,634,637
6,3,609,657
6,0,609,657
6,1,609,657
6,0,643,657
6,0,634,637
6,3,609,657
6,0,609,657
6,24,1,49
6,9,554,661
6,22,554,661
6,12,842,858
6,0,867,893
6,0,909,914
6,0,901,959
6,1,901,959
6,0,939,959
6,0,926,929
6,3,901,959
6,0,901,959
6,1,901,959
6,0,939,959
6,0,926,929
6,3,901,959
6,0,901,959
6,1,901,959
6,0,939,959
6,0,926,929
6,3,901,959
6,0,901,959
6,24,1,59
6,0,973,982
6,22,750,1067
3,12,5363,5385
3,3,5202,5393
3,0,5399,5448
6,4,750,1067
6,0,827,859
6,16,257,5049
6,8,554,661
6,0,456,460
6,0,581,605
6,0,617,622
6,0,609,657
6,1,609,657
6,0,643,657
6,0,634,637
6,3,609,657
6,0,609,657
6,1,609,657
6,0,643,657
6,0,634,637
6,3,609,657
6,0,609,657
6,1,609,657
6,0,643,657
6,0,634,637
6,3,609,657
6,0,609,657
6,24,1,49
6,9,554,661
6,22,554,661
6,12,842,858
6,0,867,893
6,0,909,914
6,0,901,959
6,1,901,959
6,0,939,959
6,0,926,929
6,3,901,959
6,0,901,959
6,1,901,959
6,0,939,959
6,0,926,929
6,3,901,959
6,0,901,959
6,1,901,959
6,0,939,959
6,0,926,929
6,3,901,959
6,0,901,959
6,24,1,59
6,0,973,982
6,22,750,1067
3,12,5425,5447
3,0,5454,5490
6,4,2877,2994
6,0,2940,2945
6,0,2932,2990
6,1,2932,2990
6,0,2966,2990
6,0,2957,2960
6,3,2932,2990
6,0,2932,2990
6,1,2932,2990
6,0,2966,2990
6,0,2957,2960
6,3,2932,2990
6,0,2932,2990
6,1,2932,2990
6,0,2966,2990
6,0,2957,2960
6,3,2932,2990
6,0,2932,2990
6,24,1,59
6,5,2877,2994
6,22,2877,2994
3,12,5454,5489
3,0,5498,5558
6,4,750,1067
6,0,827,859
6,16,257,5049
6,8,554,661
6,0,456,460
6,0,581,605
6,0,617,622
6,0,609,657
6,1,609,657
6,0,643,657
6,0,634,637
6,3,609,657
6,0,609,657
6,1,609,657
6,0,643,657
6,0,634,637
6,3,609,657
6,0,609,657
6,1,609,657
6,0,643,657
6,0,634,637
6,3,609,657
6,0,609,657
6,24,1,49
6,9,554,661
6,22,554,661
6,12,842,858
6,0,867,893
6,0,909,914
6,0,901,959
6,1,901,959
6,0,939,959
6,0,926,929
6,3,901,959
6,0,901,959
6,1,901,959
6,0,939,959
6,0,926,929
6,3,901,959
6,0,901,959
6,1,901,959
6,0,939,959
6,0,926,929
6,3,901,959
6,0,901,959
6,24,1,59
6,0,973,982
6,22,750,1067
3,12,5528,5557
3,0,5564,5584
6,4,1824,1934
6,0,1874,1879
6,0,1866,1930
6,1,1866,1930
6,0,1900,1930
6,0,1891,1894
6,3,1866,1930
6,0,1866,1930
6,1,1866,1930
6,0,1900,1930
6,0,1891,1894
6,3,1866,1930
6,0,1866,1930
6,1,1866,1930
6,0,1900,1930
6,0,1891,1894
6,3,1866,1930
6,0,1866,1930
6,24,1,65
6,5,1824,1934
6,22,1824,1934
3,12,5564,5583
3,0,5590,5643
6,4,750,1067
6,0,827,859
6,16,257,5049
6,8,554,661
6,0,456,460
6,0,581,605
6,0,617,622
6,0,609,657
6,1,609,657
6,0,643,657
6,0,634,637
6,3,609,657
6,0,609,657
6,1,609,657
6,0,643,657
6,0,634,637
6,3,609,657
6,0,609,657
6,1,609,657
6,0,643,657
6,0,634,637
6,3,609,657
6,0,609,657
6,24,1,49
6,9,554,661
6,22,554,661
6,12,842,858
6,0,867,893
6,0,909,914
6,0,901,959
6,1,901,959
6,0,939,959
6,0,926,929
6,3,901,959
6,0,901,959
6,1,901,959
6,0,939,959
6,0,926,929
6,3,901,959
6,0,901,959
6,1,901,959
6,0,939,959
6,0,926,929
6,3,901,959
6,0,901,959
6,24,1,59
6,0,973,982
6,22,750,1067
3,12,5620,5642
3,0,5649,5676
6,4,2628,2729
6,0,2677,2682
6,0,2669,2725
6,1,2669,2725
6,0,2703,2725
6,0,2694,2697
6,3,2669,2725
6,0,2669,2725
6,1,2669,2725
6,0,2703,2725
6,0,2694,2697
6,3,2669,2725
6,0,2669,2725
6,1,2669,2725
6,0,2703,2725
6,0,2694,2697
6,3,2669,2725
6,0,2669,2725
6,24,1,57
6,5,2628,2729
6,22,2628,2729
3,12,5649,5675
3,0,5682,5709
6,4,1824,1934
6,0,1874,1879
6,0,1866,1930
6,1,1866,1930
6,0,1900,1930
6,0,1891,1894
6,3,1866,1930
6,0,1866,1930
6,1,1866,1930
6,0,1900,1930
6,0,1891,1894
6,3,1866,1930
6,0,1866,1930
6,1,1866,1930
6,0,1900,1930
6,0,1891,1894
6,3,1866,1930
6,0,1866,1930
6,24,1,65
6,5,1824,1934
6,22,1824,1934
3,12,5682,5708
3,0,5715,5764
6,4,750,1067
6,0,827,859
6,16,257,5049
6,8,554,661
6,0,456,460
6,0,581,605
6,0,617,622
6,0,609,657
6,1,609,657
6,0,643,657
6,0,634,637
6,3,609,657
6,0,609,657
6,1,609,657
6,0,643,657
6,0,634,637
6,3,609,657
6,0,609,657
6,1,609,657
6,0,643,657
6,0,634,637
6,3,609,657
6,0,609,657
6,24,1,49
6,9,554,661
6,22,554,661
6,12,842,858
6,0,867,893
6,0,909,914
6,0,901,959
6,1,901,959
6,0,939,959
6,0,926,929
6,3,901,959
6,0,901,959
6,1,901,959
6,0,939,959
6,0,926,929
6,3,901,959
6,0,901,959
6,1,901,959
6,0,939,959
6,0,926,929
6,3,901,959
6,0,901,959
6,24,1,59
6,0,973,982
6,22,750,1067
3,12,5741,5763
3,0,5770,5790
6,4,1824,1934
6,0,1874,1879
6,0,1866,1930
6,1,1866,1930
6,0,1900,1930
6,0,1891,1894
6,3,1866,1930
6,0,1866,1930
6,1,1866,1930
6,0,1900,1930
6,0,1891,1894
6,3,1866,1930
6,0,1866,1930
6,1,1866,1930
6,0,1900,1930
6,0,1891,1894
6,3,1866,1930
6,0,1866,1930
6,24,1,65
6,5,1824,1934
6,22,1824,1934
3,12,5770,5789
3,0,5796,5845
6,4,750,1067
6,0,827,859
6,16,257,5049
6,8,554,661
6,0,456,460
6,0,581,605
6,0,617,622
6,0,609,657
6,1,609,657
6,0,643,657
6,0,634,637
6,3,609,657
6,0,609,657
6,1,609,657
6,0,643,657
6,0,634,637
6,3,609,657
6,0,609,657
6,1,609,657
6,0,643,657
6,0,634,637
6,3,609,657
6,0,609,657
6,24,1,49
6,9,554,661
6,22,554,661
6,12,842,858
6,0,867,893
6,0,909,914
6,0,901,959
6,1,901,959
6,0,939,959
6,0,926,929
6,3,901,959
6,0,901,959
6,1,901,959
6,0,939,959
6,0,926,929
6,3,901,959
6,0,901,959
6,1,901,959
6,0,939,959
6,0,926,929
6,3,901,959
6,0,901,959
6,24,1,59
6,0,973,982
6,22,750,1067
3,12,5822,5844
3,0,5851,5883
2,4,1023,1080
2,0,1058,1074
2,22,1023,1080
3,12,5861,5882
3,3,5099,5888
3,0,5099,5888
3,24,5099,5888
3,7,4914,5892
3,22,4914,5892
3,12,3658,3679
3,5,3363,3684
3,22,3363,3684
1,12,1071,1091
1,0,1097,1111
1,3,1010,1116
1,0,1010,1116
1,2,1017,1059
1,24,1010,1116
1,0,1120,1151
1,13,1131,1150
1,0,1159,1387
1,0,1395,1716
1,0,1728,1768
1,0,1778,1826
1,0,1836,1876
1,0,1886,1934
1,0,1944,1984
1,0,1994,2042
1,0,2052,2079
1,12,2052,2078
1,7,612,2083
1,22,612,2083
